30
4
2 4 3 1
1 2 3 4
4
4 3 2 1
4 3 2 1
4
3 4 2 1
4 2 1 2
10
9 4 7 15 10 9 11 7 3 5
3 1 1 15 3 10 11 4 5 10
10
4 7 3 7 3 8 4 8 7 4
7 7 6 3 3 3 6 8 6 3
10
5 4 5 5 4 10 7 1 3 3
3 5 7 5 7 10 10 4 5 1
20
2 13 2 18 7 7 19 19 22 9 34 9 21 7 16 7 19 1 13 17
2 16 1 18 11 17 22 19 34 19 21 9 13 18 16 17 14 14 7 18
20
3 1 13 15 13 2 14 9 18 14 11 2 3 3 3 1 18 18 3 9
6 15 18 14 18 17 6 9 6 11 18 15 1 17 3 17 11 18 2 13
20
8 9 11 1 1 1 6 10 1 10 1 1 1 11 1 1 17 8 1 9
11 11 1 9 9 8 1 9 11 17 6 10 1 1 6 17 1 11 1 9
50
13 18 28 45 28 21 32 17 35 49 48 1 32 38 47 42 32 47 90 49 37 32 20 60 15 45 83 56 91 39 48 62 22 97 46 16 22 46 37 8 35 33 33 42 19 45 22 32 8 49
20 13 38 39 35 32 31 26 9 4 33 19 17 90 39 46 21 28 60 22 4 83 56 91 19 37 62 13 97 25 47 20 31 18 9 1 17 25 1 31 8 48 13 16 21 9 33 37 13 37
100
93 78 95 42 39 17 54 24 65 20 59 96 15 93 56 100 91 95 88 34 33 82 67 15 36 16 33 33 84 82 93 70 39 15 38 52 75 17 33 34 79 26 26 31 90 24 8 86 75 100 52 25 4 86 16 25 67 16 93 3 82 15 96 26 42 48 92 20 65 86 90 39 44 87 39 2 17 35 49 65 84 33 91 93 100 33 94 15 58 35 50 2 48 75 93 48 58 91 25 36
44 78 91 44 15 36 26 24 16 20 33 93 4 87 3 50 39 15 42 15 52 91 70 59 59 65 52 38 38 48 88 26 31 93 20 38 49 84 15 79 2 54 70 38 56 78 78 87 92 88 95 34 38 38 52 15 15 33 94 92 87 94 16 78 4 38 87 8 3 54 67 65 87 56 33 26 48 20 52 31 65 50 39 58 16 49 93 65 91 96 15 20 79 90 78 65 8 35 65 48
100
91 25 22 32 22 5 13 9 86 48 47 39 62 53 75 5 30 6 39 40 77 25 32 47 55 76 7 88 30 63 46 32 57 63 27 7 50 1 91 7 77 37 28 33 9 23 18 86 43 37 46 87 43 88 14 72 32 27 87 79 46 13 23 62 12 33 86 86 63 48 50 57 86 11 80 1 61 67 57 69 10 48 43 75 6 50 61 13 89 50 89 75 32 67 14 55 17 7 11 86
99 39 6 77 62 76 16 17 48 99 37 23 87 67 75 75 53 87 48 34 72 34 89 10 32 72 55 27 18 12 28 11 79 76 47 1 80 79 50 33 9 55 62 18 53 39 46 10 48 14 14 87 32 48 69 50 75 34 12 32 30 88 61 7 23 55 14 39 69 28 6 23 46 48 14 91 17 7 40 23 86 86 6 25 87 39 48 46 16 16 5 6 80 55 99 40 32 62 62 86
100
20 90 30 5 77 22 77 79 66 46 74 1 33 65 51 48 35 96 52 96 10 44 65 45 12 160 150 33 49 135 184 26 46 69 52 187 75 155 80 1 20 58 62 7 18 66 69 43 44 58 111 138 35 10 43 10 144 7 45 39 31 77 152 45 80 65 36 59 93 149 46 22 13 13 127 77 37 37 1 77 30 36 36 43 36 83 25 47 87 22 37 10 52 15 33 86 48 31 96 8
85 87 1 83 66 83 45 30 28 58 20 5 52 13 28 75 26 93 49 52 8 79 86 37 77 2 75 12 69 37 26 31 74 160 150 66 51 135 184 39 49 59 85 187 66 155 35 77 45 68 62 33 36 68 62 5 1 45 111 138 2 10 61 8 144 33 66 31 18 39 152 13 31 7 90 36 25 149 49 61 52 18 127 85 87 66 51 90 37 37 77 79 93 10 2 37 28 74 66 13
100
72 59 30 23 91 89 5 5 80 12 23 46 75 65 44 42 50 46 53 28 13 3 27 30 78 23 52 73 72 89 95 7 7 3 55 67 89 56 2 81 28 58 12 58 53 45 94 74 2 55 60 36 55 46 26 94 13 75 12 45 100 28 52 56 61 27 15 67 75 43 53 72 26 57 73 61 53 64 56 59 3 71 44 78 17 27 3 94 81 4 75 60 43 67 91 7 64 23 27 53
27 55 75 26 80 44 60 23 71 81 7 75 5 23 39 45 7 80 23 39 15 55 64 39 78 78 13 52 12 23 95 57 55 72 5 61 30 28 15 53 30 13 17 28 74 5 57 26 55 30 30 65 30 43 4 73 78 78 36 14 5 55 65 14 50 26 23 37 28 91 17 13 4 14 50 3 100 2 37 95 74 36 71 72 55 13 3 59 26 30 27 42 7 72 42 12 100 30 37 12
100
78 57 34 25 64 58 49 2 91 49 20 59 56 69 27 21 13 27 87 41 59 59 57 43 91 2 60 70 48 40 48 60 27 65 60 23 65 40 43 62 25 99 91 21 73 32 27 60 92 17 32 25 76 85 2 91 91 25 55 98 17 76 23 27 73 55 78 48 11 51 76 20 45 80 46 27 11 60 92 49 68 46 27 55 62 25 23 57 25 84 34 58 84 60 76 51 20 73 40 12
70 56 25 31 15 27 59 84 2 58 46 46 68 80 51 41 59 2 93 34 15 77 77 65 23 30 85 32 18 13 23 25 59 99 76 18 94 87 53 45 78 43 98 17 69 76 2 15 15 64 12 13 84 94 46 29 84 25 68 93 25 15 15 15 11 31 91 77 27 15 29 25 69 70 62 12 53 87 30 46 29 53 85 41 31 98 18 92 94 56 15 93 45 30 64 99 84 80 21 25
200
25 187 42 166 75 156 27 35 27 41 57 187 187 24 125 174 131 142 9 185 131 36 142 163 166 80 45 9 97 47 146 9 87 30 102 116 111 181 33 162 103 190 153 31 20 88 70 27 181 170 75 333 132 117 59 242 368 117 174 168 230 170 387 196 42 114 159 308 244 80 115 144 378 111 316 144 292 130 386 33 222 90 87 42 57 116 184 113 206 27 100 171 191 194 75 130 115 395 162 46 184 198 90 97 161 73 108 56 166 218 25 65 384 50 15 170 167 329 304 35 25 289 153 67 125 1 24 390 130 314 263 65 302 169 111 276 243 90 50 204 344 134 165 355 111 142 202 45 100 120 186 38 23 51 130 27 186 111 21 27 84 36 51 80 37 117 173 143 100 153 33 30 116 86 37 46 64 146 113 23 161 7 194 120 116 131 64 41 107 134 166 15 178 145 7 143 166 64 67 185
153 38 75 160 30 111 120 117 84 33 59 92 120 145 191 185 27 65 67 57 183 27 51 24 145 86 132 70 170 147 20 185 91 166 174 144 181 184 33 36 84 162 36 107 173 86 194 30 142 114 65 198 93 185 178 333 158 73 21 242 368 142 167 150 230 185 387 158 93 75 42 308 244 15 80 45 378 120 316 168 292 160 386 65 222 38 92 33 56 113 150 65 206 196 80 136 117 41 136 26 120 395 87 95 142 102 108 93 171 137 165 67 7 218 147 191 384 142 100 47 146 329 304 120 24 289 150 47 42 142 178 390 80 314 263 103 302 35 95 276 243 120 100 204 344 169 168 355 27 103 202 34 67 181 115 24 24 64 190 170 153 91 30 161 100 159 23 147 102 97 169 80 183 95 181 107 143 170 134 64 73 156 142 142 31 108 163 34 136 132 186 1 91 27 116 183 142 137 67 116
300
39 93 27 96 180 198 181 157 25 64 263 93 178 142 166 6 221 161 90 279 137 161 277 218 199 121 227 115 127 40 99 96 47 31 52 245 170 298 35 170 256 82 221 293 124 290 45 6 298 80 73 293 93 66 7 45 189 297 51 170 17 130 7 221 80 265 116 72 197 256 137 73 52 119 217 189 32 277 121 243 165 243 31 36 145 136 300 45 53 70 108 20 93 93 86 82 203 188 80 129 116 209 297 66 117 189 86 108 159 178 280 197 206 61 239 265 218 189 253 245 130 189 72 165 221 116 26 44 7 77 55 286 104 20 8 3 256 148 123 221 72 104 72 245 287 34 148 164 142 127 244 218 155 228 254 244 94 218 106 50 82 72 130 7 21 36 69 238 180 290 57 244 188 272 89 26 43 90 145 248 106 219 31 130 293 82 45 30 61 50 131 188 159 107 165 33 171 63 178 110 157 115 106 180 228 34 90 277 300 166 98 36 93 89 264 98 188 188 18 121 202 217 280 161 52 31 293 221 99 164 64 280 31 299 165 215 215 206 31 264 90 164 165 206 235 8 110 221 104 189 130 86 82 52 188 5 6 47 67 67 55 256 92 298 136 202 89 290 136 246 90 213 104 291 251 82 106 32 220 94 188 178 43 30 293 221 215 211 280 108 1 170 170 70 220 265 218 53 248 253
2 34 189 77 124 290 31 107 32 40 300 107 170 123 33 106 119 245 89 89 53 178 245 18 33 198 287 237 170 206 43 92 299 297 55 17 6 8 92 161 25 279 183 51 256 115 171 8 107 164 203 165 209 287 127 130 291 258 251 169 245 119 8 77 254 157 189 164 238 170 50 103 219 246 66 283 5 228 34 169 139 206 203 17 142 69 166 86 198 63 145 253 155 254 213 218 117 298 265 164 139 2 94 52 155 263 290 238 215 39 211 216 27 2 45 14 283 61 297 25 181 89 221 298 199 286 92 159 70 181 35 188 227 103 243 57 129 30 5 202 20 291 1 81 180 106 99 52 166 254 290 3 104 34 215 52 107 47 218 64 263 139 72 235 8 51 220 148 98 104 92 286 17 7 258 239 218 283 171 248 44 243 183 203 180 86 103 265 170 178 147 52 169 199 17 57 165 131 26 64 161 264 40 45 254 53 166 27 251 227 64 207 272 17 107 44 166 279 217 63 161 6 188 183 18 81 147 239 129 67 64 178 53 297 216 14 178 203 165 219 21 243 280 258 123 3 280 69 73 137 265 124 39 246 243 216 197 203 218 180 34 21 6 207 272 131 53 254 256 297 298 147 1 81 31 14 96 213 209 215 110 35 237 178 189 165 235 117 31 92 299 206 86 293 52 207 211 7 90 237
300
174 198 84 214 286 98 238 262 111 247 292 177 135 271 182 55 263 77 27 11 4 154 157 35 171 269 145 121 68 218 231 274 226 13 279 144 207 53 221 171 190 85 220 121 173 89 217 27 240 93 39 20 68 200 25 1 48 35 249 165 279 90 221 80 215 258 146 53 91 77 84 49 147 73 168 199 27 276 227 217 300 4 50 27 240 25 211 93 270 77 97 134 168 198 49 274 271 109 16 165 254 4 90 66 166 102 255 105 112 85 197 127 53 234 152 6 207 6 171 69 239 115 14 173 110 213 213 167 126 248 254 91 171 268 287 167 258 283 212 296 134 27 237 133 17 93 167 135 279 4 29 292 51 199 125 266 210 46 248 90 134 16 95 35 186 1 85 46 146 238 207 217 127 172 44 14 287 11 95 77 255 55 69 38 17 107 176 73 245 163 46 107 237 131 84 227 257 68 4 226 163 27 225 260 203 153 262 50 220 168 291 109 291 163 263 292 85 220 7 85 153 210 77 21 147 295 227 40 237 40 17 296 152 90 158 271 245 260 13 260 145 105 39 293 171 215 166 17 16 165 157 200 89 283 185 115 17 220 157 44 222 257 21 90 144 65 159 246 35 77 27 268 144 77 66 145 1 258 218 48 138 176 198 1 207 222 147 50 49 50 13 79 110 227 41 154 112 4 270 210
296 59 17 90 226 240 107 214 147 130 1 40 90 100 197 51 269 73 65 199 295 181 68 4 125 102 110 286 291 134 24 271 59 41 161 171 17 199 125 266 122 257 146 84 212 110 154 245 156 185 286 239 194 66 7 105 80 159 227 286 171 90 133 161 172 147 257 116 77 144 239 157 122 225 35 234 144 215 200 274 29 50 234 174 35 32 111 100 130 135 68 249 25 13 68 194 182 247 300 234 254 257 177 98 293 38 11 182 11 48 227 116 39 69 186 4 100 274 126 125 227 41 171 147 157 8 166 9 35 248 97 89 167 212 257 218 276 171 270 203 214 257 300 85 98 296 220 77 27 109 220 90 138 116 158 203 110 181 271 84 199 125 222 6 156 27 102 152 131 249 77 286 287 268 17 8 121 44 9 211 51 177 95 190 171 29 159 296 157 130 249 115 269 187 187 286 221 276 131 13 144 50 174 246 225 197 173 171 257 212 1 80 158 167 133 126 194 4 16 59 263 247 293 127 32 207 14 212 227 32 20 134 249 171 246 7 255 283 231 16 111 186 110 35 77 274 13 77 79 35 271 211 24 212 181 249 122 207 153 79 238 38 199 176 295 91 138 55 9 187 213 11 234 227 112 266 274 185 21 156 134 97 8 20 65 231 11 234 296 125 24 262 190 172 17 84 16 167 257 161
400
399 52 104 215 193 255 44 346 51 339 326 129 192 24 172 120 65 209 228 250 49 327 44 190 269 333 316 248 50 231 327 254 124 180 255 384 273 288 134 26 67 374 65 365 249 205 128 362 180 348 336 355 192 117 111 162 125 48 271 38 40 10 133 26 231 397 203 204 319 94 333 24 74 157 316 134 26 388 48 375 282 329 172 215 328 73 138 314 322 255 203 288 300 284 294 187 92 253 319 285 272 309 336 128 380 348 157 350 48 613 368 272 559 80 776 338 474 339 178 587 340 595 297 315 121 709 460 526 490 221 108 33 319 187 540 344 620 117 281 303 237 398 718 725 207 403 214 330 361 297 196 67 487 245 253 136 479 330 352 326 449 104 51 70 190 217 702 6 67 367 740 108 315 120 157 579 424 272 25 611 239 215 368 162 774 566 128 327 557 47 124 48 736 74 783 382 315 228 306 394 300 257 117 380 328 25 248 575 48 381 309 329 394 485 513 67 556 105 75 429 586 139 237 362 509 196 761 549 462 655 389 573 365 237 781 319 201 248 10 310 151 9 275 272 415 745 309 75 565 794 606 319 228 497 11 113 407 97 165 122 368 338 361 451 10 297 239 394 282 306 300 254 379 237 489 80 133 418 766 294 342 10 160 428 608 70 312 286 4 128 251 394 150 84 65 795 396 447 346 160 129 55 340 199 210 4 112 190 379 193 94 4 344 319 157 26 374 44 205 54 209 250 380 309 32 33 122 257 54 207 83 379 33 400 3 355 245 138 3 40 192 10 180 97 314 238 225 121 293 282 129 379 165 225 312 26 232 5 331 215 172 99 105 99 400 190 26 138 267 73 125 342 11 97 114 394 33 329 139 201 125 44 231 268 310 228 239 223 313 399 83 201 380 131 232 176 134 122 55 313
32 342 294 199 322 44 245 92 379 348 353 221 9 334 380 331 84 237 249 148 239 10 67 140 384 284 65 334 346 129 344 398 183 353 9 315 182 268 114 329 55 332 272 231 38 51 287 367 334 253 397 394 381 333 70 221 136 268 12 12 210 309 105 176 327 303 74 111 286 228 332 48 346 193 38 131 61 225 239 139 165 50 355 328 287 61 204 160 273 397 389 319 111 191 33 20 134 281 160 374 397 88 309 400 204 160 361 92 48 148 191 239 61 382 339 315 355 9 4 33 183 204 330 43 199 61 613 10 379 559 32 776 84 474 205 114 587 238 595 207 353 142 709 460 526 490 374 24 199 375 314 540 11 620 190 352 274 287 214 718 725 128 403 271 396 257 211 140 269 487 151 286 275 479 221 382 326 449 199 211 9 130 288 702 178 70 319 740 251 6 313 205 579 424 108 172 611 384 203 196 228 774 566 123 49 557 272 214 205 736 355 783 337 70 239 77 40 119 157 80 65 83 84 330 575 11 305 315 131 71 485 513 195 556 151 331 429 586 275 237 172 509 12 761 549 462 655 221 573 210 120 781 9 3 140 48 151 355 205 310 273 415 745 67 338 565 794 606 284 374 497 347 294 407 384 223 398 350 381 294 451 148 399 190 251 160 204 209 50 182 267 489 5 211 418 766 130 394 84 150 428 608 11 142 70 312 329 47 123 315 238 310 795 346 447 88 303 327 214 237 84 190 297 316 294 151 228 384 52 319 322 69 148 43 4 388 269 297 365 316 129 172 337 61 394 309 368 293 315 368 190 176 275 217 129 293 231 26 121 329 316 88 254 297 123 336 157 215 316 126 61 26 131 312 312 327 312 16 310 47 367 237 346 340 232 69 160 327 309 5 54 187 49 271 347 274 337 119 275 217
400
350 386 12 68 274 232 312 266 17 332 2 273 43 53 131 170 245 219 350 359 5 148 217 116 283 250 119 373 151 386 301 252 337 115 396 312 169 189 341 269 184 85 245 31 348 371 303 343 278 143 268 384 35 145 49 181 373 261 241 386 146 373 135 378 212 348 219 122 259 120 313 396 213 359 329 2 1 348 151 397 216 285 28 341 15 227 47 10 325 143 223 69 148 386 122 358 221 352 72 283 87 56 83 266 87 140 168 119 49 170 16 163 181 31 151 268 112 98 98 368 22 200 371 311 179 300 261 280 119 23 232 5 115 189 338 396 72 10 15 177 89 269 188 218 213 22 343 227 361 104 245 300 240 200 170 190 137 104 92 266 272 371 168 309 118 16 245 221 23 219 345 163 94 124 273 268 89 181 348 311 112 287 372 130 361 87 358 325 85 43 135 343 350 392 35 118 97 218 348 52 318 212 221 315 219 171 208 188 365 97 283 332 96 322 371 143 127 127 168 329 226 159 71 384 187 342 213 140 122 345 261 338 362 223 340 285 287 324 96 309 358 221 119 340 346 219 18 10 212 357 52 156 184 127 145 60 1 5 381 267 44 143 317 264 58 119 264 110 237 53 274 104 341 232 114 116 372 381 363 301 142 11 168 143 116 134 372 108 20 119 110 282 252 15 226 188 127 339 60 362 371 163 129 278 363 237 378 232 283 219 245 120 332 175 137 245 266 218 240 190 368 310 261 397 47 245 140 44 190 77 137 143 104 119 318 122 56 88 274 93 68 20 348 283 392 221 339 329 96 97 252 310 214 343 53 343 359 94 363 281 282 332 219 92 135 259 261 153 223 266 350 259 236 184 17 17 314 94 221 261 20 392 332 146 31 340 47 110 53 373 122 83 11 252 314 319 241 152 47 346
322 156 365 304 168 122 280 236 58 315 217 168 92 12 96 363 153 307 130 322 218 10 6 115 171 218 350 253 357 250 208 318 98 1 223 43 352 267 129 273 124 122 114 52 146 304 309 324 134 16 318 348 187 17 252 318 69 350 47 83 3 253 3 22 6 346 312 285 68 259 71 104 309 343 343 23 259 372 343 175 368 368 88 170 142 273 12 273 332 77 51 6 338 120 171 317 278 315 348 217 60 108 272 301 19 245 368 361 266 250 381 130 267 190 97 140 218 18 340 90 77 304 221 283 47 261 145 273 261 325 151 11 325 168 341 282 273 35 216 268 156 108 148 16 22 122 365 208 285 283 310 159 85 205 332 392 373 190 277 324 307 10 177 53 348 114 156 221 58 153 130 226 116 19 236 221 386 3 363 216 115 44 236 345 20 277 51 124 156 151 221 20 28 339 119 6 341 227 213 118 151 285 82 397 93 336 53 392 281 98 237 49 72 142 169 285 10 130 83 281 156 368 131 96 189 140 83 337 129 168 116 372 96 309 392 219 20 221 16 152 219 177 283 205 305 179 130 67 342 112 372 269 98 169 223 300 67 319 314 93 273 240 3 268 283 357 259 362 373 140 392 309 159 371 190 311 127 6 175 261 56 384 307 272 378 363 336 16 313 93 97 71 342 392 161 89 6 340 214 151 67 340 236 90 161 93 3 277 305 305 332 116 83 213 47 325 60 82 60 168 343 152 142 22 268 325 115 82 115 90 146 151 51 127 236 280 221 19 241 352 213 273 341 47 318 69 146 98 3 77 205 386 337 317 245 119 77 22 214 399 232 336 97 170 200 313 253 18 287 303 252 104 264 131 303 399 142 392 223 161 93 142 170 146 88 60 151 399 332 47 187 319 17 77 122 28 179 2 17 232
500
363 289 488 403 469 289 30 164 71 282 89 40 138 169 373 363 32 317 485 445 312 20 167 297 62 454 184 380 53 414 25 228 404 155 428 182 35 166 464 184 474 442 386 250 278 431 373 41 186 239 175 143 41 470 379 288 2 281 43 465 416 313 454 118 236 61 316 225 405 493 321 5 445 500 61 298 377 394 20 347 171 210 474 432 11 313 479 69 142 278 39 355 352 247 225 182 12 354 316 176 404 498 422 158 257 89 389 389 463 367 235 122 193 390 198 380 171 106 53 289 355 259 468 57 375 269 145 18 54 198 164 289 479 321 235 34 79 328 149 150 242 469 454 113 84 297 39 371 272 236 177 11 469 57 480 267 377 164 184 49 471 157 490 500 281 51 176 455 354 175 230 318 193 266 71 488 334 444 53 184 383 404 441 49 477 289 282 301 175 214 278 2 143 26 175 198 405 356 335 490 231 469 375 18 18 53 289 193 218 145 26 137 228 462 430 274 224 76 237 484 458 312 16 145 297 208 354 39 184 442 366 167 57 242 51 49 263 57 53 430 69 43 354 216 500 4 94 257 152 62 332 373 283 137 145 267 231 25 118 84 334 379 259 89 85 275 205 499 500 57 177 122 499 26 89 311 281 413 141 89 479 25 41 470 263 235 403 127 18 386 412 16 214 269 176 352 498 459 82 272 432 372 354 293 364 148 357 203 89 131 216 18 247 208 247 116 250 190 26 59 215 128 354 352 142 189 376 147 313 249 444 278 231 94 193 187 342 329 234 4 232 18 145 139 43 251 274 265 51 294 318 464 345 312 298 177 294 201 474 34 205 76 148 138 293 184 5 373 155 275 239 171 171 380 371 417 402 157 316 442 214 166 76 3 394 403 216 297 184 148 379 204 154 312 347 239 479 250 49 53 281 49 2 243 206 372 280 190 480 205 272 293 498 234 367 414 203 248 76 267 321 282 312 328 326 255 21 139 231 465 339 259 316 364 15 390 456 164 392 458 272 147 116 243 82 485 215 395 479 416 178 184 215 499 121 342 326 257 263 231 182 16 193 249 272 224 255 171 377 18 497 386 15 171 484 477 349 404 445 249 456 482 232 452 274 118 204 469 237 462 225 274 383 203 444 366 332 171 329 134
113 234 287 289 455 499 12 422 357 148 53 471 383 321 154 461 404 128 435 435 4 190 251 405 479 242 249 364 463 237 482 405 185 321 155 392 210 265 239 30 316 51 164 431 113 275 272 477 417 371 319 338 380 134 485 247 462 268 311 259 312 470 430 485 259 116 152 278 386 237 332 479 389 122 237 39 193 158 445 363 469 458 281 499 328 21 32 373 422 131 389 339 281 185 335 376 281 479 176 135 237 121 459 267 239 289 143 283 301 210 428 193 281 293 176 142 178 265 455 137 389 412 430 85 339 464 442 455 325 289 484 35 7 416 373 437 171 431 497 477 373 249 71 235 441 316 298 116 465 177 373 444 293 237 424 178 454 465 12 269 325 342 326 79 237 326 39 218 321 377 157 375 26 480 432 3 430 452 141 498 123 386 201 311 268 21 54 247 435 82 106 189 169 454 171 255 297 116 471 189 167 317 40 465 281 40 139 175 177 481 187 403 377 243 280 318 455 178 481 178 145 193 235 380 224 288 426 18 500 413 187 349 237 485 288 470 248 232 485 454 170 152 454 59 259 259 471 201 141 287 135 403 373 239 166 206 297 170 178 417 259 51 150 414 377 380 354 259 392 204 30 53 424 235 294 12 456 251 116 128 228 12 127 94 471 317 461 479 444 3 201 339 471 5 455 208 326 268 127 11 32 338 395 456 392 347 18 405 164 193 354 97 373 175 4 131 347 301 186 402 326 41 57 2 498 97 355 405 69 490 148 493 266 248 123 426 293 452 97 414 386 150 41 148 84 230 470 445 437 402 345 280 49 15 414 2 442 274 461 454 149 497 442 147 367 21 54 459 334 176 137 349 376 412 267 345 79 463 231 53 61 287 148 201 170 51 186 389 468 35 59 347 267 471 169 444 249 357 21 414 12 392 441 138 134 426 456 135 184 366 149 3 236 206 499 148 178 62 137 500 3 354 106 319 266 470 2 412 39 390 392 395 477 319 468 482 329 76 430 413 454 283 471 404 325 123 488 339 76 218 137 338 465 477 471 20 34 445 498 4 412 3 41 26 185 372 403 230 158 424 148 201 85 278 154 201 247 481 373 356 274 178 177 21 335 412 178 437 394 493 339 456 347 201 373 4 201 428 121 356
500
267 462 174 143 428 436 361 72 148 454 391 390 181 419 215 45 390 419 264 92 442 156 421 483 368 407 169 15 293 174 444 249 109 397 213 116 382 124 98 390 214 490 109 458 18 111 369 419 424 73 186 82 270 116 274 485 21 472 45 462 96 134 213 115 375 134 209 343 491 124 409 293 17 94 183 87 424 484 74 89 239 353 345 151 470 318 94 274 410 490 183 195 444 293 290 487 486 259 369 305 387 174 467 467 169 157 96 135 341 305 307 304 28 419 2 307 28 80 366 136 264 318 191 117 444 273 327 419 792 599 407 886 80 114 195 454 156 163 33 400 354 43 768 686 487 784 192 167 311 305 213 844 849 595 648 82 80 331 135 486 106 748 411 272 189 273 884 53 745 94 201 82 180 476 412 818 481 556 46 772 264 267 328 915 252 180 235 111 127 803 576 328 737 442 239 488 162 444 2 411 358 802 264 111 345 147 36 46 695 135 83 164 315 226 399 270 315 106 213 96 766 213 512 785 154 652 330 419 72 114 174 46 740 151 74 722 136 17 151 270 46 235 226 163 704 916 425 712 391 371 941 419 66 360 249 360 304 269 101 149 368 330 511 485 208 108 328 522 596 402 330 888 828 400 633 29 433 685 162 923 439 354 954 412 117 186 118 18 471 937 15 273 429 101 322 169 519 85 18 102 273 410 259 885 327 483 154 774 196 213 920 826 488 157 922 173 80 771 196 371 269 510 324 814 181 171 319 6 351 946 208 307 544 970 85 506 191 229 167 20 307 528 80 410 211 83 235 402 853 747 54 102 303 189 312 72 498 996 260 258 951 307 499 332 45 92 296 142 34 210 588 395 987 807 411 159 321 429 186 82 138 319 444 395 90 74 150 82 193 484 148 354 439 429 104 212 370 148 11 448 29 406 293 500 370 412 340 447 403 476 106 212 372 380 121 258 267 135 457 293 116 180 358 104 442 6 267 399 368 429 311 113 322 348 305 276 162 290 394 343 397 191 137 54 387 439 80 208 359 214 309 409 68 470 104 29 477 192 368 494 121 290 327 309 428 162 436 304 171 117 221 474 174 13 499 148 181 135 149 350 141 447 472 93 296 340 412 140 382 85 34 135 33 182 209 29 208 499 290 353
467 106 366 98 180 260 208 358 406 193 162 472 183 354 47 350 209 425 448 138 213 195 264 89 137 134 272 284 186 72 23 277 371 27 387 399 349 454 276 181 259 223 37 190 213 33 181 411 140 259 424 407 342 229 135 402 342 419 94 90 251 183 269 15 6 444 147 118 450 182 161 213 169 237 252 481 348 319 136 343 45 72 72 469 412 367 792 599 195 886 124 311 162 150 171 211 78 159 192 353 768 686 410 784 149 331 114 360 293 844 849 595 648 114 106 235 406 108 441 748 20 154 441 240 884 138 745 84 439 104 409 402 21 818 226 556 46 772 131 429 66 915 368 86 447 134 2 803 576 113 737 109 190 450 399 318 273 394 169 802 439 402 36 349 328 41 695 183 149 149 352 264 264 29 401 41 390 210 766 391 512 785 169 652 470 421 78 181 183 192 740 259 319 722 358 27 25 159 164 104 444 424 704 916 114 712 483 47 941 143 68 25 142 115 457 471 329 332 303 11 511 472 474 494 23 522 596 297 101 888 828 21 633 177 45 685 312 923 324 73 954 264 235 343 84 401 148 937 114 340 428 109 221 369 519 354 37 163 181 89 247 885 429 249 27 774 141 322 920 826 43 29 922 290 498 771 196 342 372 510 192 814 324 167 239 476 419 946 2 131 544 970 351 506 92 186 458 82 491 528 403 80 147 402 157 273 853 747 46 2 472 303 332 115 472 996 252 267 951 403 488 34 235 173 458 361 349 121 588 270 987 807 290 341 156 237 425 148 487 127 375 20 331 2 425 17 177 137 411 215 368 114 214 36 73 335 490 86 296 6 477 329 28 486 201 141 134 142 41 406 192 465 481 149 72 370 402 424 116 474 296 72 186 163 13 148 328 46 469 305 109 384 140 47 114 366 454 193 436 411 494 270 215 399 93 406 277 491 441 302 66 247 131 163 141 190 108 37 258 183 296 351 212 469 87 189 23 260 73 297 380 465 296 491 84 309 367 94 410 116 454 307 114 477 201 430 240 345 141 293 251 352 439 181 214 221 240 361 302 319 401 72 2 421 335 183 397 402 307 259 402 104 11 297 237 135 358 143 305 450 465 293 375 116 161 277 321 174 195 98 73 90 400 53 491 177 448 500 274 18
700
396 346 153 11 84 147 116 219 103 633 238 282 424 545 147 612 633 548 450 323 127 491 313 493 41 552 450 8 693 609 346 310 322 55 164 517 51 457 652 415 323 439 174 480 450 546 323 360 184 483 116 282 200 306 261 217 665 466 471 11 381 245 141 23 334 440 424 221 126 304 259 79 677 665 542 470 384 693 480 662 31 108 515 11 458 34 48 589 447 389 97 695 674 481 545 466 174 184 259 336 64 283 70 596 226 201 580 326 360 288 94 692 419 271 466 516 419 122 118 482 31 381 511 299 247 659 274 407 126 326 92 36 686 646 405 688 151 498 189 266 261 117 309 670 127 238 663 352 361 288 481 55 424 41 162 199 599 193 236 605 519 103 542 97 44 510 163 439 102 352 334 310 633 279 674 599 360 31 323 5 525 55 127 246 576 246 352 146 146 542 203 698 430 609 148 470 47 616 561 547 78 190 672 616 514 633 299 524 80 608 499 126 525 518 435 580 159 617 415 155 333 236 655 304 561 609 498 587 66 8 557 55 641 239 123 570 599 66 261 553 394 355 117 366 569 94 488 10 59 34 662 547 652 633 197 535 499 282 453 330 611 507 73 340 458 590 261 377 54 23 163 239 101 221 364 59 185 539 621 279 319 121 306 285 667 593 23 23 152 452 510 8 284 552 554 319 646 514 103 531 54 360 568 445 101 633 618 621 200 482 79 570 687 185 694 121 515 116 247 286 477 143 413 655 517 101 609 355 419 552 247 108 188 306 555 432 141 491 219 78 5 593 471 54 112 569 207 424 676 221 82 126 601 448 504 601 457 563 471 668 24 452 23 655 84 1 655 94 103 355 340 333 576 75 661 380 605 274 576 506 66 184 19 493 443 346 245 511 58 333 348 296 69 307 493 51 141 646 525 698 164 117 556 101 524 604 134 190 646 82 334 590 348 361 668 680 266 54 587 455 94 381 318 355 70 207 225 568 334 396 305 592 605 655 246 626 108 236 171 662 185 448 330 310 305 193 593 439 76 76 49 101 617 306 254 376 94 300 73 657 480 239 64 64 688 84 55 23 405 513 526 565 490 377 89 240 110 592 608 568 413 75 127 139 625 487 197 8 197 151 554 318 164 609 686 345 112 42 42 447 216 80 239 127 576 542 175 564 569 604 440 174 672 122 75 361 162 641 66 340 120 117 10 174 384 626 60 203 377 389 144 123 245 526 351 452 542 666 160 334 565 22 322 8 394 576 203 259 435 125 309 163 10 199 493 477 611 644 517 225 496 352 186 319 9 375 164 75 306 254 552 676 70 513 475 552 581 693 199 174 356 97 380 23 344 445 543 164 655 548 453 555 699 663 259 554 259 306 519 199 542 29 668 120 217 351 8 419 192 552 590 105 284 101 40 487 24 170 532 407 287 498 576 425 199 189 101 565 159 40 495 561 48 618 415 55 668 284 460 460 360 175 188 540 254 526 101 42 488 517 78 655 540 29 259 366 424 59 697 517 348 501 599 84 680 143 1 54 203 539 604 563 491 288 282 188 60 661 364 633 112 276 131 545 101 699 276 676 415 540 455 131 661 240 390 103 457 496 665 46
334 19 524 555 120 29 47 413 460 313 633 125 330 105 610 106 355 471 588 58 75 694 1 543 345 518 679 322 599 94 612 676 259 659 356 407 670 391 127 493 504 246 1 662 659 55 678 207 175 547 462 488 659 40 588 298 110 66 601 159 313 439 460 216 348 121 108 516 256 632 22 381 609 457 294 392 233 261 676 12 425 239 633 661 592 108 556 524 299 23 313 200 506 240 160 199 646 219 207 184 375 323 144 439 160 504 264 553 84 506 531 510 24 531 345 1 199 304 184 78 6 618 55 134 565 151 344 127 217 152 189 363 313 676 391 97 552 148 210 610 308 592 498 522 526 415 102 524 351 318 307 148 526 130 674 147 11 525 89 612 626 282 330 498 581 546 29 163 364 424 333 8 47 535 122 24 84 448 496 526 334 608 661 490 103 193 94 443 692 257 139 403 611 66 655 271 296 46 684 524 54 126 644 355 625 417 440 286 120 105 246 333 238 504 22 654 155 516 257 542 259 680 319 192 504 300 60 460 389 153 552 453 580 430 504 553 73 247 581 635 481 148 654 184 439 82 616 556 190 192 294 652 610 139 613 646 460 102 480 588 131 334 76 157 526 663 12 483 148 645 619 668 393 283 76 687 661 652 41 123 286 621 288 618 207 635 605 662 425 348 336 659 552 525 19 326 596 376 517 288 589 662 216 366 507 470 336 203 458 100 264 405 475 94 592 274 564 287 390 239 11 593 698 381 323 29 126 564 493 676 75 404 645 29 432 259 548 49 298 355 92 233 40 97 499 174 356 307 526 684 569 117 84 646 199 79 380 247 472 555 206 146 206 472 667 688 117 515 35 692 143 210 97 652 596 557 110 546 677 483 439 144 608 143 226 472 542 318 201 24 78 246 392 352 307 334 546 522 522 186 477 495 8 381 677 539 553 157 375 618 657 283 257 424 77 618 334 80 333 46 679 186 285 532 120 507 590 593 439 596 141 608 419 36 659 100 118 555 5 699 319 24 657 553 633 393 76 535 565 590 659 684 430 40 152 605 513 525 589 34 127 443 253 298 141 445 276 340 646 596 261 546 392 605 100 77 457 288 617 679 24 106 593 435 678 84 635 125 417 619 695 655 308 6 404 668 143 307 632 330 384 678 532 557 155 498 256 44 334 225 279 282 471 659 424 445 390 495 641 48 296 419 490 401 355 424 9 666 153 394 565 687 157 49 633 417 363 625 396 130 644 613 401 596 264 475 309 697 596 266 307 203 462 355 593 308 8 35 587 9 686 256 672 517 92 24 376 596 480 599 12 69 632 287 519 654 330 171 334 84 676 44 697 247 593 555 501 570 404 676 363 318 482 445 76 11 160 445 36 6 94 344 667 226 118 670 517 106 403 391 501 164 77 40 455 403 348 447 199 401 514 300 546 340 633 130 143 517 592 526 415 253 170 319 58 619 659 569 55 171 233 51 89 108 23 134 360 160 163 432 285 608 471 352 694 127 78 590 313 645 695 163 271 207 596 201 340 480 253 666 563 120 160 511 543 462 69 318 569 553 162 35 170 148 646 593 652 210 393 518 457 542 305 294 1 487 24 613 206 141
900
750 213 719 29 692 578 314 231 61 543 103 266 457 71 766 207 715 476 714 439 773 759 228 242 801 581 695 118 403 899 516 543 270 309 738 707 561 97 768 84 103 189 33 267 91 109 660 896 421 662 639 683 481 234 266 692 41 482 443 667 595 216 344 665 323 324 896 897 549 490 599 100 784 352 500 788 80 436 817 19 462 477 467 173 689 646 203 783 178 126 711 157 266 552 275 781 350 837 899 417 173 838 352 511 578 47 645 883 27 288 359 782 504 683 312 689 303 305 543 118 100 831 550 87 81 490 717 272 103 259 390 705 377 699 577 82 619 821 394 818 756 229 384 284 635 829 341 267 309 485 683 545 339 258 229 74 277 775 417 858 363 580 339 128 468 530 859 660 302 502 27 787 640 867 171 584 360 838 470 103 416 825 145 490 305 311 50 81 714 245 258 812 644 614 663 349 479 467 408 629 249 289 45 74 615 171 722 457 143 242 33 164 194 885 572 646 801 783 311 17 344 735 769 81 31 178 801 567 695 467 333 693 703 482 824 303 258 829 812 114 481 242 258 68 781 802 355 748 633 860 867 269 761 893 490 394 548 510 337 226 829 619 703 482 91 807 443 432 327 889 703 567 543 103 144 279 655 740 659 204 865 173 385 791 74 161 49 535 593 559 392 274 186 787 344 329 413 69 61 113 292 782 399 571 865 451 25 280 368 846 516 17 644 408 16 390 234 47 415 494 584 432 483 53 45 308 506 103 667 64 655 331 644 267 543 721 448 581 71 800 455 62 576 324 479 83 203 629 186 795 539 605 468 174 266 363 506 614 751 202 506 172 358 133 363 825 157 443 124 328 703 598 450 49 595 211 580 663 510 426 145 467 760 606 277 549 832 578 252 323 112 133 415 458 403 507 854 659 62 672 94 493 245 293 108 791 355 41 143 800 458 574 447 50 311 850 42 507 506 581 118 197 883 321 144 79 562 838 341 242 735 640 401 873 714 751 630 504 270 794 62 470 680 341 539 679 274 420 421 672 415 144 563 889 370 16 392 254 427 892 358 816 278 101 645 367 695 838 171 887 722 295 167 31 242 392 660 295 347 328 178 289 229 640 286 754 646 630 706 562 649 189 417 630 853 859 443 613 288 333 720 893 323 76 113 84 216 599 692 498 511 708 740 506 448 288 614 433 365 309 398 197 757 619 490 415 667 130 174 189 83 585 521 467 715 898 403 649 884 859 190 19 172 416 689 639 206 894 783 177 869 279 49 645 289 897 153 850 370 756 894 38 153 846 613 897 145 785 802 585 206 500 481 103 231 714 754 795 112 779 435 853 347 462 70 645 435 61 835 476 888 131 228 284 416 468 275 561 53 662 308 585 45 802 510 47 71 543 171 380 227 498 212 101 308 762 105 873 774 78 647 846 384 841 358 780 584 452 401 690 293 769 813 703 837 549 503 327 680 605 116 485 249 168 726 580 321 84 179 226 802 566 693 574 66 503 232 509 662 279 528 705 247 595 784 812 690 858 760 518 50 316 771 439 126 662 314 229 690 266 691 599 355 78 849 869 641 865 487 277 286 630 794 867 567 500 735 84 408 64 413 262 561 481 561 722 252 715 871 738 87 824 41 548 503 49 894 897 277 80 764 286 849 455 483 790 639 680 481 139 172 831 433 706 788 116 262 349 888 714 701 640 216 693 328 126 171 439 754 695 654 590 869 105 370 818 482 813 813 485 838 838 277 766 85 435 807 470 167 641 509 451 393 92 328 738 485 442 227 530 130 147 284 748 361 871 528 370 42 539 380 750 577 645 598 695 764 535 189 787 760 426 506 511 467 80 126 896 764 144 561 71 203 408 148 297 442 566 548 695 82 258 88 229 311 739 48 629 101 453 202 846 260 385 590 416 721 477 863 559 888 172 45 748 467 829 896 485 580 708 84 647 377 661 433 266 421 114 416 561 361 416 189 415 516 748 640 898 312 528 341 91 630 295 735 176 247 821 300 576 266 467 653 266 887 17 148 683 212 2 630 679 725 800 892 721 148 312 217 365
278 343 302 801 775 68 550 177 171 131 730 360 691 83 62 794 429 577 339 131 247 846 629 561 148 838 303 249 694 114 467 385 788 787 661 182 83 896 339 498 494 128 350 717 655 764 130 653 585 715 421 168 595 272 213 194 267 599 518 719 137 708 889 262 665 270 68 644 629 725 119 217 53 189 124 361 201 503 738 398 365 259 701 630 368 639 321 206 748 179 207 341 101 706 415 309 420 779 655 821 755 576 358 455 363 62 292 817 649 860 889 610 415 103 863 689 721 50 729 580 361 427 245 76 427 711 739 314 84 71 197 543 699 114 48 309 467 124 543 292 590 894 439 663 254 706 452 25 457 277 679 234 157 363 896 580 385 649 610 399 571 548 390 272 64 462 572 715 521 128 759 869 894 857 343 672 677 892 177 343 288 277 545 739 234 660 436 130 421 274 277 539 764 821 467 899 172 510 101 439 778 824 213 720 467 802 715 660 64 721 467 780 147 816 574 838 260 690 655 83 114 119 328 787 309 103 258 232 359 507 168 76 103 771 455 292 300 585 104 813 202 810 150 421 350 758 213 328 458 417 435 126 838 71 48 748 418 101 251 818 487 68 242 277 262 308 249 722 453 252 220 234 552 82 548 43 116 714 309 761 545 490 453 785 435 133 515 503 343 420 88 269 254 485 451 655 482 278 92 821 507 38 229 104 476 355 640 415 557 393 507 271 137 726 689 679 748 343 447 679 455 850 40 329 349 353 69 818 481 484 308 370 487 367 755 144 164 267 126 739 706 640 297 693 829 333 735 801 293 417 511 345 312 275 113 137 365 453 451 759 119 148 813 262 605 300 481 217 261 693 479 873 871 139 467 249 220 654 339 145 174 48 204 721 730 103 290 25 48 19 887 787 453 229 48 147 144 194 312 841 661 179 615 720 229 112 780 29 144 639 408 705 802 563 398 207 361 853 691 50 226 795 485 15 337 889 2 762 66 415 739 490 58 661 261 15 595 485 153 769 593 690 171 161 213 19 641 750 371 213 482 606 70 683 761 563 630 502 27 494 630 768 644 103 278 58 269 898 693 435 288 271 493 104 748 694 150 630 19 439 659 171 854 190 234 38 871 194 417 337 367 898 758 477 515 45 838 535 261 548 150 739 358 835 114 201 821 137 717 447 429 894 510 703 368 610 353 83 345 161 810 502 43 377 139 201 630 838 251 778 860 511 371 816 176 863 518 143 109 78 599 211 393 543 661 539 292 97 302 722 49 278 694 593 95 109 490 782 679 288 467 206 483 585 835 280 85 846 316 385 740 824 359 869 509 548 266 824 707 768 606 884 220 725 516 869 788 194 548 137 729 507 267 885 775 182 367 824 227 95 171 343 484 418 503 481 633 229 817 559 119 204 379 108 552 355 360 774 689 647 345 145 521 401 857 82 660 164 615 305 308 408 144 436 511 818 774 379 144 385 443 130 100 66 379 790 858 570 367 841 645 432 854 40 42 510 516 748 629 757 231 339 829 85 515 304 563 635 97 87 353 683 837 370 738 69 311 807 640 249 316 29 329 232 644 327 371 450 773 290 145 779 311 511 190 33 176 137 297 211 801 70 309 739 784 751 548 563 309 511 635 361 212 897 539 599 662 832 595 790 649 182 490 516 380 251 78 639 897 79 738 739 633 418 429 640 570 108 665 95 94 312 557 561 331 119 130 563 766 365 677 260 62 452 347 235 722 45 550 707 699 358 706 726 40 413 78 788 384 485 453 785 49 103 16 653 739 172 771 122 572 871 757 92 206 788 365 206 566 82 818 194 484 613 262 439 64 439 442 103 825 228 451 898 884 355 324 504 292 719 849 755 898 58 701 557 832 778 68 481 79 94 885 758 871 105 493 530 883 813 570 810 762 630 654 756 773 511 331 729 571 31 838 730 443 119 271 68 451 341 363 186 455 598 764 15 88 450 122 711 857 122 561 649 82 43 280 439 50 148 64 352 78 103 791 661 893 304 677 394 259 2 781 235 662 304 167 19 735 278 448 889 690 367 562 426 831 235 399 290
900
120 76 500 768 689 889 615 61 475 668 552 259 3 826 468 826 894 548 636 871 22 490 503 145 328 170 415 472 447 444 637 618 577 467 464 640 21 46 373 894 670 269 55 127 900 260 497 221 448 567 649 583 110 649 375 809 670 407 429 687 470 767 120 841 204 728 618 789 219 639 535 141 628 98 764 70 189 17 397 759 639 657 683 552 264 834 720 444 283 55 467 714 236 678 91 447 900 713 221 497 827 77 764 468 805 519 689 889 195 703 714 886 612 387 646 649 332 630 626 597 24 110 733 541 755 120 474 535 829 583 744 658 535 664 298 415 798 407 492 93 877 287 283 362 789 475 260 265 415 550 358 462 719 252 798 774 158 527 236 393 749 696 204 33 816 265 619 827 378 711 854 548 321 621 224 801 439 847 275 120 639 459 86 80 294 447 861 432 331 859 368 408 284 115 854 626 358 829 845 36 438 839 682 204 881 774 809 594 185 282 167 14 397 817 203 10 640 866 192 548 342 198 269 130 708 1779 1289 14 228 3 368 715 413 173 17 1186 1370 1202 1007 441 927 1459 630 763 1134 682 665 432 265 1604 514 1635 769 774 178 626 877 933 752 439 470 1556 929 593 441 568 1012 1070 628 127 1636 450 373 882 777 298 23 1723 198 918 565 72 1584 664 287 127 102 1104 1727 621 265 621 714 855 427 1055 664 1009 374 832 61 655 1307 615 127 1630 150 829 832 1386 656 1132 373 1700 665 1283 514 198 563 1377 1162 228 342 263 896 103 803 547 1583 1701 1513 407 658 926 798 134 658 594 696 1558 87 1510 1658 559 765 269 881 822 1334 1704 269 145 765 1702 682 622 342 336 706 661 401 745 267 1768 937 630 1327 71 755 221 1600 240 1109 197 61 769 208 238 45 103 366 76 1188 1722 393 882 589 833 1577 141 720 1228 286 338 866 378 279 283 408 208 771 665 107 689 1298 1622 833 376 649 600 900 441 519 127 1323 12 858 410 544 98 725 1214 813 777 813 663 709 1543 23 640 452 252 794 1305 548 434 987 221 1653 1716 65 1270 204 248 800 295 358 413 649 781 713 900 166 1606 107 1014 1599 622 1489 1455 1422 448 1020 1443 202 10 366 768 60 881 1042 1248 1502 808 1610 298 715 512 1612 544 467 871 866 164 513 1190 617 160 554 871 209 492 1595 334 130 734 668 816 535 672 77 184 1015 803 209 396 1093 1567 779 855 287 1431 834 634 371 451 71 886 12 628 468 871 1585 371 1061 195 155 1309 70 581 502 255 842 429 839 854 338 865 150 36 462 1671 274 1066 93 728 709 1141 141 894 482 535 664 798 573 395 164 1466 363 889 565 1505 1774 98 573 120 675 544 479 1303 570 92 196 513 834 87 613 877 269 266 164 76 710 527 1769 1511 1617 71 355 1713 515 1405 740 570 202 297 358 650 173 167 27 397 720 1189 869 1340 1178 116 231 1267 99 889 116 102 342 76 44 268 1108 1382 279 332 292 410 7 185 1752 196 771 1710 774 1135 3 649 559 217 613 27 878 474 619 807 656 1195 808 468 1348 920 1641 1097 1531 535 453 1252 1539 1179 317 1354 282 236 1010 1381 816 276 568 1715 271 7 889 55 647 287 612 544 597 283 708 434 799 342 123 556 391 577 160 448 498 460 354 594 877 441 589 338 649 593 672 807 720 354 279 159 549 513 466 704 459 23 714 288 647 497 284 356 848 139 224 157 19 837 745 250 269 618 369 856 46 229 550 55 374 549 449 711 707 259 127 284 594 452 794 541 267 777 866 858 487 631 593 91 474 3 228 896 286 17 486 284 498 720 484 115 870 870 581 43 855 660 896 756 419 721 263 60 92 127 695 898 23 845 255 814 541 665 388 687 703 434 842 454 622 12 64 184 259 276 158 23 589 864 21 675 349 20 255 264 53 692 679 479 709 349 123 519 629 781 23 898 197 839 19 486 155 446 202 388 814 43 503 809 279 760 594 453 14 618 355 813 514 755 467 626 246 415 342 452 541 391 744 881 618 170 657 349 400 567 480 306 439 130 136 31 830 400 77 214 237 687 4 141 432 260 375 432 294 631 229 172 439 57 157 328 480 388 43 547 832 498 745 410 600 87 209 594 631 541 9 837 412 551
515 45 164 506 800 866 618 721 183 358 60 199 450 661 232 269 184 630 224 71 283 127 55 718 474 824 36 259 116 417 159 267 512 493 424 136 594 409 854 214 544 236 35 268 493 629 198 224 720 192 247 814 222 803 758 120 502 617 720 822 228 864 374 668 460 101 116 179 842 559 890 72 376 388 661 637 656 103 647 480 673 196 312 670 801 581 65 268 155 683 22 131 198 544 897 498 92 248 749 441 454 129 588 288 541 72 44 196 840 496 900 848 464 519 55 794 51 535 331 52 191 459 238 189 91 407 889 715 1779 1289 734 137 197 749 646 466 196 389 1186 1370 1202 1007 544 927 1459 541 858 1134 466 252 3 35 1604 217 1635 655 332 31 127 624 933 512 650 80 1556 929 387 621 894 1012 1070 247 204 1636 167 541 432 552 415 720 1723 232 918 391 20 1584 556 57 856 487 1104 1727 827 77 771 295 23 306 1055 740 1009 894 268 479 173 1307 396 567 1630 826 184 4 1386 479 1132 236 1700 396 1283 10 208 214 1377 1162 391 583 184 134 393 395 789 1583 1701 1513 221 131 926 328 158 758 474 76 1558 415 1510 1658 482 336 549 196 172 1334 1704 649 203 11 1702 164 498 836 265 577 787 616 817 687 1768 937 813 1327 334 709 45 1600 886 1109 35 407 615 129 767 267 763 52 861 1188 1722 412 429 506 388 1577 452 61 1228 421 417 197 663 400 179 120 373 451 366 129 661 1298 1622 664 184 210 101 675 43 713 707 1323 464 900 91 191 209 631 1214 71 619 646 496 374 1543 160 460 856 449 634 1305 115 870 987 502 1653 1716 484 1270 859 593 871 437 145 892 763 544 43 740 191 1606 535 1014 1599 141 1489 1455 1422 658 1020 1443 646 170 110 622 865 709 1042 1248 1502 438 1610 438 624 781 1612 878 321 668 61 192 157 1190 21 733 513 60 490 683 1595 127 715 721 817 65 597 236 264 740 1015 389 123 841 1093 1567 131 468 744 1431 765 40 490 102 665 290 376 589 856 274 1585 287 1061 475 714 1309 93 133 292 626 882 890 512 548 158 321 859 840 474 1671 503 1066 255 343 102 1141 130 371 718 363 186 383 101 53 619 1466 715 24 120 1505 1774 805 630 240 626 130 153 1303 495 719 829 840 894 597 263 363 343 777 179 646 687 869 1769 1511 1617 470 898 1713 894 1405 774 527 4 618 897 222 183 467 650 287 248 1189 577 1340 1178 331 878 1267 841 144 358 64 517 703 452 566 1108 1382 890 889 661 474 848 479 1752 721 237 1710 375 1135 219 173 854 127 158 393 199 232 391 466 284 1195 826 421 1348 920 1641 1097 1531 297 224 1252 1539 1179 390 1354 487 752 1010 1381 721 855 355 1715 290 728 294 31 343 563 44 167 133 779 401 715 721 820 375 721 486 393 260 202 400 607 389 221 195 173 185 896 554 429 317 70 581 663 493 547 687 462 706 136 896 728 529 209 421 76 692 137 155 715 824 728 621 890 231 17 366 437 271 668 568 158 554 77 45 91 390 619 495 679 618 338 45 91 388 424 479 439 581 637 60 275 715 801 484 20 711 798 250 275 116 99 130 312 881 566 358 297 630 616 495 613 894 807 813 570 892 412 108 80 597 397 343 541 734 427 644 634 794 864 664 409 153 759 673 759 714 186 526 878 229 826 621 368 826 695 17 248 106 167 40 441 52 707 470 356 62 720 897 204 246 368 733 800 284 197 890 224 199 189 155 519 141 644 889 482 23 186 419 709 371 651 777 60 167 740 512 53 358 513 375 267 529 383 106 622 450 794 646 490 865 33 496 130 449 25 813 710 577 475 108 740 366 260 896 658 87 798 490 649 644 354 279 861 250 134 400 159 153 389 588 709 708 228 526 408 269 636 704 498 594 631 139 387 368 866 269 822 155 246 594 709 432 336 248 312 526 137 178 573 829 519 401 240 419 102 395 661 475 612 374 378 720 836 108 366 618 389 468 172 164 62 31 760 371 452 228 343 40 167 444 62 238 710 556 43 259 228 830 197 417 33 600 490 369 292 640 756 657 127 877 362 563 271 288 668 660 150 500 369 3 758 619 836 391 25 798 787 338 209 551 295 808 374 631 551 51 616 466 373 383
1000
630 85 337 296 684 56 948 56 735 770 460 269 403 484 453 792 918 405 870 755 711 526 956 183 138 490 288 237 104 647 33 694 310 682 162 546 826 797 350 644 587 834 336 78 964 621 157 528 653 208 528 383 508 91 356 243 932 915 715 986 392 575 823 569 643 28 236 484 421 294 884 830 31 783 975 941 803 448 560 743 18 8 35 952 619 358 554 463 968 677 333 733 28 92 701 484 81 70 546 491 81 310 243 455 799 748 16 311 512 123 470 752 865 473 101 695 992 411 55 532 441 863 394 9 788 786 656 526 197 504 769 475 698 884 779 490 462 641 604 12 237 964 650 641 477 203 157 884 976 5 656 812 360 136 993 689 619 222 41 539 799 296 948 915 876 499 466 949 805 932 700 22 181 718 933 509 516 782 441 438 922 753 550 397 77 416 242 455 331 782 735 342 938 282 321 236 432 588 682 118 504 703 748 174 641 726 82 168 49 508 342 270 852 780 626 532 15 386 589 835 390 593 807 364 243 612 743 721 762 658 976 888 33 752 200 995 316 612 622 269 952 785 932 917 511 704 123 68 426 883 41 79 405 56 655 819 58 715 546 739 827 424 610 729 197 513 294 524 262 853 233 342 72 823 665 986 378 357 554 992 955 995 143 300 968 294 448 315 465 333 619 554 282 884 79 546 840 354 927 917 945 382 35 455 769 60 605 336 919 803 409 331 390 337 610 202 363 16 383 82 756 209 123 351 513 99 666 321 855 993 711 528 684 110 665 700 203 167 460 298 962 840 822 623 47 130 726 265 213 44 262 215 830 786 785 103 956 904 553 70 441 787 105 834 7 951 160 707 252 458 403 999 553 483 755 643 45 879 553 279 850 392 191 212 279 975 898 209 105 490 653 465 924 435 942 564 833 350 86 355 397 382 47 315 993 666 429 269 643 798 788 803 978 568 498 962 731 525 618 395 660 707 155 534 162 605 516 213 405 660 788 79 619 729 704 694 48 421 924 843 16 782 3 49 393 143 324 28 922 318 871 931 673 171 780 908 653 904 650 130 237 762 608 422 80 848 610 643 171 908 662 3 513 660 413 932 491 405 867 392 125 540 167 323 407 279 473 424 95 419 70 89 951 297 78 243 167 181 226 277 132 54 626 275 265 879 736 941 122 431 8 389 294 641 789 669 47 405 375 972 384 919 712 294 540 358 914 171 296 168 863 619 593 16 202 620 972 505 291 344 361 281 986 509 395 528 730 386 660 350 409 572 540 743 361 246 464 252 876 564 623 360 505 431 493 870 560 189 988 826 243 492 588 122 237 876 712 283 662 268 60 884 5 479 737 2 569 300 623 191 23 138 820 91 661 914 641 295 215 315 532 717 623 192 138 676 848 917 477 914 587 622 422 955 626 726 85 212 737 269 325 498 246 167 487 245 320 12 986 658 793 893 70 560 865 838 453 524 80 509 939 354 409 143 118 44 827 132 296 499 936 484 152 717 491 316 968 595 867 534 397 560 235 712 852 844 236 509 279 945 525 509 770 465 405 798 132 770 197 707 288 160 100 181 269 594 383 41 31 214 528 770 729 554 521 271 172 867 337 292 219 122 812 619 67 80 644 123 661 942 931 820 465 172 962 236 186 505 633 419 942 718 942 80 455 508 47 753 413 296 927 49 122 755 179 112 895 870 840 526 914 47 382 973 94 666 490 756 730 84 87 303 486 644 45 968 342 799 506 213 300 513 914 252 337 914 251 973 261 550 422 939 867 294 660 623 540 323 261 964 114 659 837 756 246 174 357 254 703 865 235 34 34 81 876 429 487 694 605 964 125 57 299 509 28 805 101 455 403 850 339 837 915 962 105 643 803 834 945 466 43 276 171 252 364 92 298 68 949 630 179 458 382 92 914 410 721 655 942 465 497 540 521 121 554 155 700 37 630 704 850 675 755 512 336 94 645 121 513 516 133 236 789 389 866 822 659 661 992 419 71 242 136 49 389 644 609 707 708 729 384 333 701 81 591 28 546 932 819 342 213 133 633 361 58 100 508 98 583 60 251 968 397 382 920 350 422 152 945 630 310 575 298 431 355 539 933 183 403 292 729 214 826 838 506 595 707 321 160 477 304 726 325 464 2 311 143 624 8 413 104 633 164 486 863 15 780 174 904 938 296 569 619 279 179 951 360 822 143 308 508 49 509 278 844 807 647 89 54 795 962 941 752 643 511 922 668 409 277 254 645 893 966 738 879 769 659 250 337 502 243 820 769 917 162 155 304 230 886 189
288 999 462 516 787 136 397 440 7 341 682 324 296 171 483 33 645 403 471 553 183 922 22 269 532 908 202 80 413 84 555 498 491 200 254 570 351 821 279 382 364 591 344 951 265 793 411 684 431 798 358 504 132 914 870 516 793 224 708 656 473 738 43 416 426 215 17 988 333 978 957 993 281 633 948 938 733 694 490 18 588 820 410 490 375 110 731 660 299 908 28 863 269 812 711 957 224 799 855 821 238 673 192 699 572 299 197 380 490 942 378 243 337 729 795 591 509 699 731 676 278 17 297 788 186 594 486 213 282 502 653 821 44 748 458 762 222 100 843 375 170 160 973 192 78 884 130 752 569 509 31 914 91 852 755 730 310 918 490 197 442 431 300 866 56 316 441 819 209 866 304 915 605 698 932 700 619 403 799 700 630 673 323 757 98 738 162 805 863 512 620 528 986 86 180 902 341 92 630 475 453 56 168 321 479 622 385 762 250 968 47 191 853 764 249 826 819 762 506 650 118 333 826 291 666 283 279 230 34 591 492 339 568 202 439 591 413 782 441 669 863 898 995 409 205 982 698 591 81 521 570 407 308 604 299 733 755 931 493 968 167 89 362 95 922 914 621 498 848 296 360 410 658 435 330 484 863 560 641 826 666 799 321 643 826 162 908 704 471 308 233 55 403 532 848 152 299 643 47 434 610 397 179 498 186 715 333 405 146 546 409 50 698 633 484 798 47 383 81 429 270 483 364 234 237 67 133 87 826 12 238 917 491 465 665 931 820 292 848 303 47 844 282 888 103 945 618 643 863 383 893 730 528 268 546 491 56 48 554 441 123 155 245 132 704 694 99 521 936 982 581 34 146 662 171 278 948 432 608 21 931 902 410 362 982 546 403 572 783 591 867 318 893 498 785 277 920 47 243 656 383 493 612 354 479 92 143 405 695 129 569 898 733 121 830 72 295 618 698 604 94 55 769 230 797 936 792 770 37 337 252 939 342 867 269 964 384 310 383 581 807 316 439 416 819 826 883 432 837 350 282 539 479 876 70 440 605 988 364 917 103 86 7 986 291 534 957 180 893 321 180 282 171 988 385 668 337 770 2 803 788 497 356 16 330 458 583 251 656 383 475 114 390 160 752 324 379 491 23 5 374 893 820 252 546 988 202 189 164 843 386 798 619 704 422 532 9 978 499 786 426 321 393 675 866 146 621 502 855 752 12 339 299 45 245 770 410 222 583 162 202 982 71 122 115 513 726 63 564 101 129 770 867 830 16 344 560 803 299 85 291 866 689 310 132 593 405 208 700 63 540 337 72 823 870 574 717 82 471 677 171 300 110 820 279 919 975 886 858 550 589 626 356 243 491 350 57 224 51 374 834 330 262 982 422 321 160 363 379 249 591 351 883 914 50 279 830 753 866 707 570 918 660 972 299 12 164 235 132 87 739 833 684 762 321 360 200 968 833 143 275 291 886 389 160 753 647 830 966 51 112 787 479 208 470 431 170 411 838 383 914 730 261 23 798 470 466 569 132 951 318 71 528 668 820 927 516 820 34 143 609 58 238 77 393 999 77 684 945 633 764 434 160 888 644 197 99 703 155 268 37 966 508 676 57 389 863 421 212 948 555 555 434 633 993 132 962 379 51 205 827 17 764 920 739 136 753 275 394 47 271 490 276 699 34 497 219 70 653 303 442 915 499 458 23 236 834 626 320 609 498 143 655 234 701 924 498 871 35 644 988 623 331 160 300 653 508 226 955 9 214 21 694 157 730 633 68 269 589 508 123 835 525 54 853 104 848 769 132 114 735 316 355 952 460 50 155 341 788 795 605 115 487 23 15 753 591 122 660 122 363 479 416 770 23 295 933 783 270 172 708 442 171 463 458 233 871 521 311 858 162 779 237 80 656 213 737 378 819 553 834 951 902 908 528 413 308 867 949 499 964 988 115 380 931 395 782 870 463 203 438 219 757 610 389 895 49 291 876 721 610 129 782 362 242 162 491 179 492 574 624 439 380 325 782 736 624 718 462 594 948 424 98 858 797 789 276 21 170 455 835 249 695 394 792 499 320 403 364 915 464 440 976 308 234 726 660 84 47 179 521 92 867 407 125 677 779 968 12 112 136 67 595 620 689 736 416 308 205 524 698 316 122 574 250 162 626 511 587 416 988 684 374 299 438 782 122 297 757 435 360 357 895 508 988 226 733 167 553 410 733 296 448 18 48 281 633 385 993 283 608 22 498 95 3 575 666 132 132 675 271 782 669 568 922 136 581 63 956 43
1000
22 709 814 475 261 142 408 135 739 434 180 357 791 725 326 725 398 823 389 530 54 863 906 931 808 716 700 693 923 303 388 267 425 996 992 53 878 78 985 368 363 179 494 829 670 619 681 543 847 711 879 714 326 532 640 243 684 999 57 813 715 829 670 389 163 751 944 583 75 347 428 886 629 794 541 339 560 329 494 451 398 782 968 771 734 931 16 471 764 947 448 709 607 376 78 692 38 825 626 824 242 626 902 897 232 930 184 916 302 60 651 199 87 701 650 414 36 190 512 356 121 285 68 272 741 223 75 383 40 672 788 671 835 2 180 987 259 491 680 640 992 992 139 408 27 767 296 543 934 863 613 302 583 583 414 433 992 47 850 373 418 346 223 95 242 874 408 267 863 734 242 462 444 549 626 307 184 466 81 33 448 462 197 525 200 106 971 28 734 726 815 285 495 700 767 586 232 879 879 14 508 489 705 444 877 583 243 653 496 292 104 598 895 284 20 489 182 139 572 722 781 769 8 334 737 121 616 886 805 22 870 726 792 947 423 822 179 552 813 873 500 441 496 445 581 193 975 314 274 616 210 808 512 553 464 23 10 475 10 70 641 339 944 549 808 174 255 923 452 285 104 150 132 122 275 604 751 817 994 531 57 842 820 374 160 803 976 180 542 863 743 989 934 201 683 10 566 37 190 163 720 135 938 45 661 75 477 408 693 260 64 448 288 874 32 346 104 317 389 919 938 452 89 628 651 552 184 496 314 683 471 373 264 54 969 34 715 74 572 560 934 709 946 339 829 886 132 791 46 580 742 252 645 451 976 817 347 298 461 664 604 698 462 698 923 341 206 347 560 923 616 954 769 298 908 938 345 197 444 938 981 813 878 585 585 107 560 497 957 726 817 985 799 946 720 583 389 227 770 210 953 275 921 56 56 201 16 525 142 967 106 400 56 279 934 192 40 119 95 410 464 233 552 494 494 456 586 106 935 853 430 897 368 33 640 770 974 770 497 32 613 4 700 671 924 770 595 262 828 808 874 299 895 220 658 683 563 911 531 388 780 791 540 709 75 337 246 346 609 85 566 75 822 279 778 782 465 983 770 510 693 96 961 28 870 123 2 593 335 345 111 4 87 707 182 15 24 5 353 767 496 97 158 716 938 841 874 352 955 47 765 507 961 874 10 414 182 575 192 163 68 570 532 8 425 482 661 548 85 788 532 8 902 471 822 813 279 38 371 681 210 484 699 645 47 24 78 178 466 740 314 707 620 317 145 627 303 374 408 359 415 26 231 62 675 620 701 940 980 954 465 279 47 314 656 755 445 574 41 139 971 652 219 907 902 575 315 255 150 598 770 51 650 616 180 984 433 279 64 462 288 5 670 126 823 930 563 809 148 641 773 153 184 259 391 357 215 210 625 919 466 607 910 873 403 984 64 10 91 626 471 934 650 767 967 45 829 583 593 886 246 264 933 632 681 192 456 244 206 632 445 897 853 552 121 135 993 136 743 806 495 420 315 353 158 64 908 741 771 484 118 718 526 221 653 632 390 51 698 428 360 686 800 429 941 476 737 190 418 318 175 921 461 178 693 339 593 475 51 376 191 240 548 560 226 911 887 870 711 693 64 374 629 150 40 780 813 104 685 580 653 907 961 902 126 917 180 201 198 213 825 588 542 150 916 226 574 400 902 982 870 788 730 975 730 210 753 906 955 742 126 944 873 346 299 983 718 734 171 250 429 26 953 426 852 962 170 428 54 595 544 767 806 471 650 795 476 615 679 272 368 644 430 204 430 82 907 856 85 368 996 49 28 221 740 395 64 244 403 360 425 684 464 776 376 776 722 739 817 870 307 230 252 91 264 460 89 679 264 434 403 389 800 84 503 614 794 709 292 36 616 563 299 887 814 352 395 261 430 335 542 398 114 391 604 38 805 352 897 428 994 74 847 91 784 777 28 140 46 863 163 758 102 415 704 233 616 242 645 575 808 878 575 767 493 739 688 356 107 935 209 828 787 491 785 489 982 897 961 656 376 985 565 117 632 680 910 244 672 907 38 961 651 67 640 135 672 148 341 38 722 480 216 922 446 178 753 422 987 418 664 469 974 82 295 881 431 197 961 383 686 390 715 359 339 933 74 689 140 679 118 334 854 607 398 938 466 588 341 182 404 422 744 132 204 917 765 996 345 54 640 613 425 267 827 180 718 675 726 817 295 83 441 199 329 784 970 337 815 426 704 693 469 588 820 598 163 67 175 140 150 625 583 526 346 984 799 223 842 887
714 758 374 122 879 902 284 585 181 969 530 461 429 782 715 471 924 230 317 831 931 243 395 681 741 114 489 236 791 595 260 70 532 26 410 34 642 685 471 681 563 588 68 852 114 532 983 935 404 570 633 615 575 817 81 897 253 346 593 59 633 780 231 794 296 776 620 431 778 448 97 178 260 877 448 968 720 373 945 53 507 821 54 609 987 982 933 104 651 334 765 192 87 625 284 785 192 507 227 821 452 398 220 522 46 106 135 70 854 335 526 599 24 863 12 307 105 337 495 60 999 879 452 210 727 503 714 145 204 581 350 22 730 881 661 452 85 329 716 734 64 471 522 363 56 854 209 296 45 595 41 640 856 64 150 64 650 274 178 217 210 207 652 547 96 333 714 532 264 37 150 425 547 181 726 645 600 757 250 310 353 346 74 604 975 595 179 47 530 659 675 563 20 471 854 846 856 371 213 820 67 198 182 902 795 228 16 376 628 74 553 879 651 940 123 773 428 992 250 50 688 548 693 835 350 381 418 938 767 588 981 787 817 192 886 253 178 853 192 26 741 829 230 410 264 679 418 119 274 335 5 37 604 163 777 160 15 279 102 374 482 658 59 170 755 714 919 637 681 464 298 641 727 74 497 709 671 314 430 681 496 142 726 2 980 425 464 422 530 581 874 751 961 618 150 105 434 83 436 671 780 408 33 984 878 466 767 491 207 690 494 345 116 462 720 566 645 828 841 572 737 466 897 139 574 671 609 693 681 148 192 581 184 734 701 821 897 261 907 350 7 471 84 803 223 933 743 230 792 741 683 150 45 879 64 489 878 583 139 87 992 363 198 542 984 57 236 565 854 680 508 74 423 813 27 26 53 803 850 990 983 81 236 720 962 228 475 360 50 489 990 471 659 711 619 656 181 785 28 512 213 722 215 371 623 383 171 644 828 751 693 140 970 250 216 433 957 962 64 681 363 692 935 795 637 81 227 753 552 32 423 664 122 489 782 992 346 757 889 773 705 303 26 722 368 824 262 116 831 737 879 968 116 24 221 693 727 751 346 236 145 59 49 259 496 374 543 751 983 742 272 878 431 170 500 391 652 671 250 275 981 651 688 475 390 484 400 875 744 933 507 628 255 36 315 781 140 644 181 242 815 593 962 47 493 626 292 451 82 220 955 586 887 153 957 50 877 916 910 452 219 50 970 206 262 489 477 223 725 831 922 60 945 881 645 139 684 560 171 827 310 829 897 792 572 41 889 953 191 230 889 623 686 350 423 875 690 49 940 462 852 441 47 508 174 105 24 764 334 418 887 938 34 495 497 190 200 376 318 755 47 547 921 96 947 28 540 111 356 217 679 102 626 123 475 310 907 773 593 232 737 494 389 495 938 117 363 572 415 84 895 989 771 572 809 588 140 210 923 95 645 182 181 477 969 714 962 497 715 765 190 236 192 981 36 765 542 16 242 983 192 497 333 418 784 645 496 781 426 503 764 773 456 12 777 500 166 62 707 773 870 623 715 240 923 12 334 482 174 45 20 541 689 456 381 418 107 921 250 253 954 476 722 465 817 145 658 530 425 828 618 357 575 827 24 214 897 214 737 791 36 240 542 135 471 935 616 223 464 540 398 335 767 945 217 381 961 496 81 471 87 625 507 166 553 814 795 992 911 917 659 690 933 192 808 897 976 544 692 625 425 541 335 580 570 145 480 645 758 119 15 619 824 765 136 581 288 170 315 166 782 83 809 599 791 200 150 908 990 400 705 699 226 296 36 420 992 27 318 795 404 984 935 981 170 563 600 471 400 359 974 741 111 97 23 436 581 981 600 757 627 436 62 54 448 921 456 368 56 846 456 604 637 614 650 246 117 326 236 150 683 989 780 50 181 480 193 850 153 14 632 495 962 10 350 870 345 400 85 85 629 689 615 175 769 104 7 835 525 87 552 946 233 999 296 599 160 993 817 642 887 961 595 531 7 897 460 633 74 841 150 875 922 806 902 420 145 428 363 302 941 744 934 38 184 50 799 787 296 16 544 493 430 971 614 23 209 190 81 193 315 496 45 699 106 994 446 210 616 230 704 158 425 216 314 625 418 507 800 191 16 106 14 632 214 618 295 350 842 693 870 805 136 616 74 795 720 854 565 679 930 489 642 219 207 199 828 522 627 64 339 388 530 980 693 510 870 941 902 215 75 510 460 823 4 192 778 228 423 879 780 993 886 683 252 423 906 847 469 56 345 47 967 924 846 118 685 315 334 333 89 231 446 170 825 782 921 740 471 583
1000
755 190 277 358 601 389 505 17 604 310 721 964 673 407 657 258 277 146 696 857 843 95 430 452 359 425 42 797 574 335 376 91 577 73 950 755 273 978 346 104 160 721 72 876 483 641 358 744 215 429 610 633 391 508 946 570 89 839 673 800 784 697 310 787 238 115 759 359 705 254 512 680 926 539 739 65 931 837 576 894 619 196 143 667 705 836 627 850 932 130 260 527 697 968 702 249 733 936 578 541 950 174 18 504 212 114 603 16 932 437 632 436 476 465 960 499 335 284 528 939 117 159 682 135 181 998 368 419 737 165 98 543 3 586 939 365 912 254 484 839 628 490 899 287 777 344 298 212 398 310 805 496 317 925 955 165 61 798 80 949 166 601 135 203 598 936 93 10 720 823 736 669 298 669 125 781 60 334 795 87 988 943 873 603 505 137 831 160 95 815 437 893 197 360 471 726 494 611 707 657 359 454 577 208 483 695 601 931 330 695 630 204 345 55 460 3 611 210 894 237 616 843 35 425 863 287 169 602 260 569 174 324 425 612 441 631 114 507 843 683 496 137 114 764 872 981 728 273 808 249 48 594 79 805 147 371 386 452 210 182 80 391 620 979 40 581 84 677 707 354 418 615 840 518 51 527 196 464 577 770 260 911 997 327 518 332 695 697 719 337 627 590 53 182 604 220 911 238 47 974 615 391 259 607 775 160 586 237 575 631 945 574 462 220 726 54 61 203 651 888 865 15 42 1000 413 397 558 169 850 785 667 202 530 695 537 132 371 91 91 522 954 756 84 336 758 51 370 736 407 55 124 210 160 160 190 75 706 335 62 21 280 373 203 694 179 95 800 709 672 520 802 974 756 669 876 196 367 802 852 648 478 492 583 798 612 457 130 199 115 575 179 680 782 460 964 593 567 872 132 537 3 165 279 938 261 383 334 38 911 369 621 527 397 151 156 850 560 316 278 391 315 530 795 266 254 407 195 579 331 596 336 80 793 237 5 579 541 298 285 583 41 71 63 612 17 445 857 943 147 744 345 951 674 146 637 24 590 579 138 483 262 838 324 898 721 617 838 526 492 59 420 475 71 833 360 371 997 623 994 881 175 397 41 682 196 202 121 838 562 362 54 745 706 638 968 51 265 239 603 978 777 79 265 597 359 202 567 354 407 84 347 41 199 172 969 465 371 660 124 467 165 99 23 770 371 202 489 546 407 615 607 520 457 102 785 61 55 490 298 309 616 51 298 292 478 111 860 354 971 233 9 459 906 39 388 755 330 132 688 755 35 593 157 566 35 265 87 821 496 93 942 102 418 678 284 996 949 457 979 615 28 507 893 219 736 50 397 441 39 683 872 707 673 80 80 697 846 902 720 852 17 997 364 641 145 598 149 383 416 755 307 432 452 997 307 672 553 38 483 249 637 466 546 345 21 570 503 507 540 973 611 812 697 111 430 466 336 260 239 578 576 215 4 594 55 391 285 464 159 925 190 604 366 310 50 98 627 902 709 806 688 197 466 883 500 683 444 644 464 217 489 697 597 63 175 55 268 997 151 541 893 357 603 436 969 166 500 157 454 39 588 655 517 475 695 417 719 477 370 298 597 538 959 610 615 147 997 261 166 597 360 149 797 413 429 18 354 115 169 638 728 782 597 491 278 723 790 820 277 41 621 336 971 238 477 630 48 41 445 777 673 386 386 313 574 475 332 118 588 90 607 134 491 988 87 134 398 611 488 165 873 617 464 801 733 169 142 356 546 33 202 379 613 335 566 783 621 471 315 946 90 457 903 838 615 457 960 16 507 613 483 40 260 803 277 669 758 390 1000 389 441 130 517 971 376 616 602 239 569 974 72 440 782 650 280 566 219 346 169 121 953 622 190 404 416 448 292 706 772 161 612 702 91 910 420 994 553 424 747 773 204 130 285 157 175 390 586 440 805 425 638 876 607 102 203 594 836 33 973 939 720 815 902 429 196 808 42 350 696 106 648 210 262 872 258 249 489 604 641 99 47 575 55 883 696 75 863 997 298 966 781 413 32 996 915 176 939 623 111 61 633 444 340 772 413 172 437 368 872 619 28 457 424 336 696 823 399 837 93 739 355 358 54 615 543 467 10 237 674 263 857 331 424 888 417 869 553 962 151 851 55 642 93 611 35 971 258 838 936 973 602 648 239 997 196 364 196 736 827 40 594 733 560 130 397 337 16 156 125 974 74 142 137 102 952 988 212 805 650 195 475 142 475 354 4 172 899 777 733 898 838 335 71 680 39 5 669 420 651 106
820 915 925 838 597 558 906 407 894 723 969 770 359 797 846 187 463 962 277 276 464 344 851 808 65 546 539 424 492 962 869 15 362 121 175 457 276 527 73 418 903 512 1000 102 957 793 821 758 484 161 41 181 981 51 376 93 85 969 938 787 24 169 299 125 172 705 23 357 217 484 391 634 430 881 807 807 268 285 205 102 205 359 612 404 807 202 330 98 644 915 826 945 634 674 801 604 540 906 364 478 601 404 284 172 764 425 79 261 850 258 415 457 277 159 798 344 569 971 85 645 960 744 247 805 75 603 726 318 53 138 46 634 966 367 23 483 102 760 630 912 888 63 598 18 628 475 145 21 583 260 821 567 578 278 520 287 280 688 910 620 50 790 783 292 673 964 93 259 850 257 745 144 860 46 684 40 831 650 527 324 23 996 940 337 932 134 644 881 190 562 187 820 86 978 285 857 24 86 104 330 51 706 925 166 373 800 630 957 48 196 142 85 677 247 258 852 274 437 47 175 655 526 899 324 957 437 260 138 784 97 539 72 713 151 93 237 815 632 208 408 121 74 800 91 459 460 570 479 925 38 75 860 739 931 370 23 527 581 838 350 365 39 719 978 64 259 630 490 130 299 8 483 846 912 429 165 615 261 317 951 773 638 60 220 261 678 424 59 737 869 759 827 888 898 415 118 430 620 354 337 796 215 317 174 674 925 696 973 499 60 669 838 507 166 77 71 436 801 77 117 75 347 772 124 981 560 371 219 538 424 432 160 850 64 91 713 299 888 644 377 32 483 360 18 247 60 673 391 239 758 208 266 796 463 24 873 787 736 362 160 857 971 865 826 968 644 840 981 603 511 997 190 852 430 733 758 132 365 428 494 581 981 688 619 857 390 172 574 522 772 440 260 489 477 802 18 310 233 888 429 488 172 413 203 61 966 40 483 176 833 195 669 953 677 679 942 217 279 838 350 852 8 883 838 619 576 831 265 60 657 783 998 182 369 684 307 503 356 437 503 642 316 537 602 21 777 172 602 978 444 138 454 187 261 603 823 151 276 644 106 793 504 445 615 462 695 784 588 612 416 64 613 540 371 601 80 61 883 728 837 367 594 642 176 747 645 827 511 346 489 528 62 773 739 838 266 65 514 1000 898 860 327 332 607 169 546 562 151 546 383 391 852 166 594 773 981 827 968 440 121 369 366 836 919 356 138 733 75 898 803 258 737 597 682 543 994 695 40 8 883 839 678 926 476 925 134 574 764 169 942 260 142 925 144 309 408 488 623 277 379 175 471 508 268 172 124 58 99 940 939 425 355 15 526 500 335 55 733 833 313 46 777 679 440 9 61 125 968 773 40 981 574 823 210 679 669 823 504 522 35 313 324 945 755 169 60 130 118 337 121 337 355 142 331 695 926 953 132 739 399 790 883 479 812 18 132 46 408 388 520 660 274 160 40 805 954 53 518 775 617 694 759 79 124 9 324 622 40 144 827 199 459 187 602 981 683 903 631 263 949 383 981 772 125 946 575 407 419 445 265 683 93 5 598 597 419 596 851 55 971 398 603 21 389 860 503 939 971 146 785 257 202 826 838 340 603 969 955 952 265 33 249 503 425 336 310 383 441 24 558 444 197 298 203 71 417 429 795 508 97 277 775 919 440 672 803 39 838 969 758 669 125 476 159 202 399 943 377 149 575 23 102 866 507 773 683 407 46 428 655 97 590 159 330 428 866 59 505 638 407 90 388 430 237 58 249 674 292 503 371 161 812 71 733 491 373 978 415 952 74 145 940 959 86 622 528 354 604 239 530 630 760 464 318 938 318 736 610 274 756 512 598 61 601 465 713 233 638 596 598 273 10 696 445 138 800 354 24 602 800 445 463 925 104 772 357 998 919 781 745 479 117 597 35 602 806 179 997 733 695 739 607 79 4 612 441 143 709 156 249 866 285 77 262 196 316 520 619 898 368 444 330 785 202 160 511 667 79 694 134 702 143 383 134 413 462 340 785 688 102 973 130 337 315 619 840 237 62 28 612 593 3 494 309 432 249 347 334 1000 645 187 391 660 425 706 514 951 517 181 425 611 633 187 448 973 354 3 457 863 371 257 974 838 441 337 723 950 277 467 327 360 997 514 910 73 974 997 379 360 263 249 58 89 796 61 279 397 499 130 1000 444 520 955 747 298 684 674 806 489 135 959 628 377 204 210 448 954 872 968 823 292 32 237 93 21 237 602 760 651 366 612 124 865 575 337 89 538 637 979 785 632 971 827 3 159 205 292 706 860 688
1000
311 97 372 505 201 337 541 595 848 621 609 397 595 205 224 749 438 757 590 894 159 276 543 677 619 433 563 369 188 603 487 126 776 290 772 889 818 913 719 213 956 135 403 563 572 624 585 372 429 763 463 547 961 485 729 943 550 559 124 406 126 433 779 560 143 513 779 535 336 449 923 240 63 829 930 252 622 170 555 603 201 555 677 74 106 563 740 531 909 312 124 621 18 778 5 143 39 409 683 810 545 467 425 294 171 849 511 423 491 890 485 479 312 907 367 336 57 110 233 706 436 978 311 727 580 324 819 974 513 371 366 513 35 124 485 494 597 257 311 39 80 304 245 824 143 798 29 819 227 87 911 304 883 713 779 552 687 461 679 578 306 64 196 438 779 188 632 402 30 127 579 252 670 530 76 345 784 661 537 449 762 267 594 312 302 215 844 622 286 589 738 287 982 494 25 263 715 235 578 411 110 518 313 324 36 86 952 804 566 5 42 362 475 307 425 661 802 79 296 858 323 423 209 97 106 875 394 545 908 808 600 170 74 38 687 176 567 894 973 883 683 76 431 919 95 798 107 336 456 820 1351 285 4 1277 1162 175 1009 785 291 1908 1892 819 1707 260 877 635 1315 340 1915 673 982 42 541 128 132 29 643 50 18 740 404 1502 924 708 831 551 1634 35 752 58 626 36 84 1097 116 1694 1778 658 425 397 105 844 204 653 1751 792 485 614 1986 242 1782 153 604 29 677 18 267 8 762 128 635 695 487 1136 1839 22 534 1038 1854 1788 779 1695 138 366 1847 956 1080 873 280 36 1513 829 580 522 1404 631 249 15 1047 307 1167 175 1243 1611 321 688 1690 335 970 359 48 366 1547 31 820 102 503 174 1993 1541 772 34 121 932 847 114 1940 258 1593 559 1368 631 705 807 290 1320 547 643 368 506 815 392 1332 1820 537 369 1591 230 117 854 686 1509 439 172 958 563 392 545 438 21 1397 143 306 769 361 21 1813 1574 773 689 529 664 472 1621 197 227 31 308 97 1743 513 172 551 982 414 580 670 349 738 449 233 1744 1121 924 1546 1439 1473 21 664 529 1202 386 516 1597 1171 63 405 626 368 75 1225 665 961 1945 529 316 673 280 971 296 1278 1413 635 940 1116 772 143 617 337 551 1057 70 907 1750 1119 1263 887 877 796 440 394 536 105 180 52 1849 1857 1613 150 345 145 971 86 1474 323 55 1236 952 878 642 127 176 114 434 627 513 188 126 755 913 515 675 1979 1664 804 1626 1956 485 893 728 819 1734 199 736 1322 307 1656 205 252 1455 497 854 1308 487 891 887 1749 487 1027 463 1887 1708 791 199 1997 258 1822 952 170 1401 792 173 242 271 794 642 403 1742 649 476 1193 1542 404 913 773 1304 882 1830 815 1470 1166 74 629 555 438 923 739 117 443 1456 567 1520 1061 820 301 1189 35 317 35 238 1352 44 431 786 75 336 1576 913 977 362 335 1354 1393 599 722 581 1856 2 973 425 802 597 1063 386 977 1256 252 118 152 219 635 971 218 894 1982 1115 403 185 242 531 785 257 194 124 54 1279 1765 1720 280 882 289 887 36 665 733 1118 1794 137 404 964 844 541 1237 416 740 280 909 771 794 349 1484 1179 425 1286 482 769 695 601 609 176 919 569 1160 982 271 1355 374 1631 1409 530 461 730 334 1382 76 269 569 160 1923 864 1321 239 386 544 1650 1989 143 369 780 820 545 1276 978 276 448 149 129 323 442 649 1596 977 1067 84 728 243 152 150 13 875 935 302 764 907 1504 324 971 1549 699 887 649 945 1429 824 719 470 885 930 642 491 866 461 426 955 269 318 928 622 376 955 522 467 617 497 843 909 887 132 312 604 942 907 501 631 304 135 882 440 770 617 434 44 121 727 497 359 195 870 847 831 152 536 351 243 805 429 157 384 875 675 866 754 174 263 391 755 81 397 196 599 479 386 361 772 893 465 472 622 503 285 511 531 402 701 769 769 125 810 705 438 794 221 81 63 609 87 553 831 138 506 708 548 276 477 938 574 5 924 311 276 506 337 367 802 269 436 708 35 548 176 457 390 224 128 673 654 157 890 807 575 525 797 740 765 810 908 362 176 675 224 42 885 118 472 369 594 585 170 543 673 522 978 153 88 772 334 534 858 919 515 115 224 640 68 170 31 374 958 457 5 770 221 277 438 465 602 693 794 545 873 820 762 74 581 494 426 974 524 404 614 930 764 436 988 664 286 935 553 368 171 135 798 536 347 235 515 993 484 213 738 465 889 15 234 653 124 713 715 974 102 740 317 465 312 311 186 529 686 404 63 116 894 757 67 515 289 384 719 757 227 269 770 248 822 679 129 173 531 654 304 835 829 57 215 780 889 958 979 545 535
438 117 797 798 340 924 25 956 649 224 930 81 349 627 50 114 138 39 632 794 498 115 363 477 461 720 70 545 73 376 260 675 148 537 18 715 724 197 919 607 879 440 769 359 218 785 63 649 762 572 322 810 312 728 818 145 175 312 64 877 978 443 316 909 497 589 907 308 973 322 287 653 284 54 479 762 73 24 601 273 148 555 956 516 143 548 949 780 334 273 706 773 907 798 879 889 369 349 340 930 939 31 940 985 524 795 6 778 525 38 457 602 310 518 69 318 786 566 102 536 118 112 961 559 586 75 893 679 476 371 276 174 324 744 778 599 349 347 213 720 336 579 843 574 263 819 372 390 102 321 69 69 216 384 728 411 971 893 675 403 688 494 776 566 5 394 930 733 218 883 58 454 276 194 307 866 384 501 879 34 730 627 543 13 79 147 794 452 551 661 940 858 945 73 555 978 18 336 955 368 363 218 670 376 982 114 640 321 31 567 362 971 619 858 286 529 736 87 2 313 560 913 754 145 516 48 949 460 349 368 923 693 353 456 913 112 705 135 729 770 33 1351 505 553 1277 1162 514 1009 345 234 1908 1892 405 1707 885 30 310 1315 470 1915 807 627 345 585 245 815 938 798 769 172 132 313 1502 949 423 810 384 1634 626 229 213 935 858 440 1097 537 1694 1778 822 607 186 224 310 159 110 1751 487 318 924 1986 919 1782 764 590 457 854 22 470 409 531 84 460 199 913 1136 1839 106 307 1038 1854 1788 426 1695 302 201 1847 442 1080 243 594 363 1513 563 98 624 1404 658 849 173 1047 555 1167 665 1243 1611 391 607 1690 911 433 514 794 107 1547 442 738 514 409 195 1993 1541 452 416 68 601 354 277 1940 172 1593 224 1368 34 673 233 658 1320 971 257 25 294 125 794 1332 1820 230 831 1591 42 487 808 65 1509 208 419 730 688 150 932 234 428 1397 170 52 138 128 762 1813 1574 335 594 824 386 354 1621 516 484 322 890 574 1743 248 74 137 593 943 52 351 325 147 107 733 1744 1121 150 1546 1439 1473 362 36 551 1202 629 713 1597 1171 272 824 637 428 796 1225 129 848 1945 311 312 406 194 22 945 1278 1413 107 541 1116 282 541 140 180 229 1057 463 889 1750 1119 1263 69 98 752 454 230 889 425 677 414 1849 1857 1613 438 529 686 135 1 1474 301 928 1236 772 509 818 149 771 448 908 988 733 172 55 552 924 894 324 1979 1664 537 1626 1956 942 891 722 36 1734 208 58 1322 943 1656 63 301 1455 110 627 1308 224 578 215 1749 919 1027 353 1887 1708 928 129 1997 425 1822 802 372 1401 511 25 530 887 932 686 294 1742 885 688 1193 1542 36 15 238 1304 794 1830 982 1470 1166 791 808 25 372 877 403 622 42 1456 107 1520 1061 1 818 1189 35 872 107 804 1352 829 433 208 503 188 1576 39 436 215 280 1354 1393 595 280 135 1856 864 940 199 128 938 1063 640 988 1256 419 176 209 291 763 448 121 88 1982 1115 769 296 545 626 472 575 653 76 465 1279 1765 1720 114 632 507 563 215 516 878 1118 1794 353 249 961 878 854 1237 736 127 308 276 593 677 603 1484 1179 544 1286 586 461 199 224 239 390 740 352 1160 156 663 1355 575 1631 1409 2 547 185 240 1382 138 733 789 797 1923 307 1321 349 273 810 1650 1989 699 686 429 771 434 1276 802 505 733 143 589 80 513 258 1596 336 1067 614 6 688 215 18 854 550 643 224 749 956 1504 765 42 1549 271 129 935 188 1429 498 497 39 919 374 287 477 402 406 484 919 738 909 372 22 715 755 509 406 390 106 159 105 60 138 728 609 534 372 69 284 749 306 873 475 54 695 24 63 763 290 152 124 79 722 683 36 843 276 322 795 95 635 427 567 186 688 238 242 772 110 719 819 252 752 368 64 785 114 107 534 835 218 5 88 80 436 909 285 384 128 245 494 733 390 555 126 506 961 494 60 140 404 403 720 961 971 668 425 824 649 199 719 593 993 829 769 776 600 784 425 22 336 345 126 465 219 39 160 531 456 877 448 870 964 815 687 160 4 361 805 150 629 129 798 8 427 586 324 431 497 157 728 172 958 785 858 195 312 482 316 218 567 497 602 668 978 509 547 461 547 637 204 594 689 784 497 39 98 325 600 569 63 637 567 719 739 724 8 36 854 152 419 76 754 349 654 627 893 63 33 74 439 744 188 653 940 209 260 411 831 13 699 894 555 156 349 347 913 815 457 31 29 706 95 824 317 686 472 501 870 940 641 397 552 537 529 789 291 475 345 701 949 216 820 352 106 770 148 848 347 958 911 427 609 397 536 772 885 534 106 818 448 65 112 29 551 429 935 675 248 677 985 942 30 518
1000
590 308 582 199 219 896 338 413 779 864 57 424 583 128 386 433 727 998 498 718 76 564 707 749 809 314 731 846 67 825 657 290 872 674 123 44 232 554 447 221 795 285 471 727 278 985 120 409 120 731 156 63 428 887 165 237 526 262 30 441 629 945 22 691 435 956 529 300 17 154 184 574 370 773 292 263 700 496 95 662 899 984 199 1000 763 942 529 510 583 392 14 300 737 513 435 110 442 312 350 6 52 327 43 862 751 779 37 345 286 229 357 375 645 281 729 897 817 768 751 308 479 611 740 489 252 744 660 825 341 875 985 741 845 498 128 217 984 113 471 633 275 391 841 842 616 197 887 341 318 819 57 813 972 773 278 144 932 391 101 348 182 419 161 809 286 819 698 890 817 462 700 195 615 113 883 93 749 622 170 244 192 120 210 374 526 62 498 272 483 736 524 841 320 333 886 388 95 603 740 113 628 524 809 891 424 200 897 275 771 882 400 333 302 258 43 43 535 63 212 376 725 738 49 114 922 896 609 125 876 89 412 571 147 2 289 57 832 919 59 899 763 773 600 839 639 108 478 125 912 555 214 263 347 797 221 113 447 429 350 686 896 282 747 173 1527 447 184 629 812 787 95 763 919 819 1083 369 1741 318 25 714 1329 931 437 1679 319 161 875 277 730 1839 1196 567 285 333 864 330 537 617 220 122 210 745 1875 571 1214 312 1396 771 327 192 42 1419 1475 502 432 1016 1194 333 565 745 738 212 1706 540 471 2 1152 1116 1966 157 927 215 237 894 1209 1031 739 615 319 1986 799 101 1240 1029 1588 663 939 373 350 502 161 1791 1506 819 707 70 214 182 1457 234 775 970 1824 1608 737 579 1330 1738 451 29 361 738 1453 327 881 700 1744 348 1707 660 6 809 26 811 1464 1477 75 114 638 60 1019 626 559 234 489 57 1716 1069 500 669 23 886 90 1463 768 678 367 956 341 718 1101 985 341 231 1124 1882 553 739 441 96 428 828 451 1927 482 1788 242 529 721 430 426 1040 66 664 567 1808 815 1692 686 43 1367 903 465 811 226 780 357 511 1693 492 876 1279 740 537 595 442 1369 729 624 609 478 931 559 407 385 69 102 1202 1797 370 984 1314 1468 526 1577 465 308 1509 285 942 113 970 298 346 916 286 333 841 308 14 582 1296 1874 951 351 219 538 594 478 1532 394 900 1926 95 22 747 333 1231 385 839 1508 741 461 1825 521 817 839 1728 154 383 897 1189 1629 1651 263 608 696 872 351 864 1391 560 963 918 629 546 512 817 576 1893 662 44 220 647 210 129 35 1365 947 1854 298 888 538 95 26 931 1889 37 1313 394 1335 412 993 113 210 619 96 1437 261 1754 1427 81 1898 75 490 626 252 119 428 113 1182 483 546 427 952 635 242 37 631 893 327 84 1783 1321 622 290 984 1162 1432 610 1515 386 364 361 1903 123 41 823 295 471 557 400 808 1066 1544 714 182 1794 774 437 87 295 1861 765 569 84 845 392 729 1922 885 62 1905 741 776 274 95 1205 201 774 334 289 351 962 935 81 900 783 1674 274 1496 987 1833 344 1637 210 1562 896 123 647 948 977 1235 483 950 1280 1305 932 390 275 1963 624 1050 594 935 479 274 776 178 230 841 1449 274 767 1746 861 113 480 1388 1558 184 763 258 217 234 881 119 30 1430 178 1682 1212 1254 947 973 916 700 1284 99 6 424 1342 881 555 1407 841 1311 78 1286 1687 959 1007 959 144 698 557 348 1758 707 872 1623 736 841 1877 274 396 1479 841 1026 1133 662 510 799 385 946 86 422 946 891 36 407 917 524 969 41 560 400 441 540 560 736 327 842 748 24 350 127 470 583 1000 586 783 471 892 888 817 471 764 44 652 945 84 70 521 480 433 771 274 816 710 747 540 984 219 919 442 787 435 86 181 811 977 22 897 745 45 849 784 184 492 396 222 621 700 660 812 181 767 410 290 769 270 782 536 388 836 798 431 891 785 903 57 258 43 318 836 638 767 662 639 9 462 467 843 159 370 849 843 729 560 116 385 160 430 87 197 787 972 880 678 962 43 465 524 326 400 337 62 96 449 785 454 621 652 196 705 409 451 103 390 916 850 668 314 473 768 939 663 984 279 533 718 114 739 46 461 823 494 285 351 308 333 876 773 216 36 341 173 95 888 610 326 1000 272 917 958 45 896 929 479 945 691 881 973 590 116 62 566 977 846 987 832 4 346 381 979 627 237 78 78 730 513 163 510 741 666 787 360 590 927 150 326 958 567 804 749 400 810 879 466 948 467 609 872 662 14 962 412 776 815 487 427 749 124 463 487 467 90 962 896 880 993 622 192 891 665 151 808 779 536 623 439 466 782 160 557 217 993 769 993
537 915 892 929 785 400 332 881 110 930 424 579 767 199 67 60 36 896 807 810 276 29 471 451 784 555 265 2 137 524 628 688 125 668 710 510 410 768 14 645 621 564 12 945 657 66 129 310 156 744 465 6 896 370 265 255 242 310 821 461 685 490 648 44 452 854 741 226 555 184 357 466 195 426 69 237 242 768 483 58 787 558 346 707 30 200 263 22 333 496 912 383 410 455 12 409 103 510 952 591 12 678 22 812 749 560 215 52 375 560 826 813 743 962 907 511 66 989 485 194 662 147 633 465 275 574 114 962 78 80 209 962 120 263 741 124 893 948 282 895 209 694 984 22 952 498 524 582 576 229 710 482 737 95 455 586 887 330 576 975 730 229 577 22 66 229 819 42 234 108 787 350 298 849 984 441 165 498 284 46 605 784 278 150 979 25 946 467 457 624 433 348 409 14 623 373 66 286 741 600 69 888 304 763 337 457 156 566 275 989 14 117 314 519 755 749 263 67 334 381 900 804 301 199 467 6 846 44 483 764 862 232 292 922 879 857 770 124 431 303 478 125 993 768 479 841 376 576 414 102 60 941 811 611 428 89 44 275 997 163 872 62 433 122 412 743 701 832 627 1527 922 595 935 231 212 930 885 755 603 1083 102 1741 500 616 414 1329 883 431 1679 80 567 662 429 915 1839 1196 263 326 565 41 196 196 569 116 17 811 857 1875 741 1214 776 1396 498 279 374 9 1419 1475 454 912 1016 1194 301 330 117 780 956 1706 626 173 841 1152 1116 1966 46 429 95 809 369 1209 1031 913 334 9 1986 756 537 1240 1029 1588 538 279 275 776 959 941 1791 1506 823 880 842 426 564 1457 807 668 274 1824 1608 412 500 1330 1738 333 773 647 969 1453 930 110 76 1744 467 1707 333 825 566 498 991 1464 1477 811 621 845 93 1019 231 452 400 230 69 1716 1069 201 489 633 843 768 1463 194 302 881 158 199 482 1101 376 727 538 1124 1882 700 454 441 854 76 729 181 1927 419 1788 571 333 255 660 344 1040 665 813 117 1808 624 1692 60 637 1367 963 591 553 623 594 919 237 1693 991 265 1279 919 244 370 230 1369 390 685 882 137 474 326 69 533 896 165 1202 1797 60 78 1314 1468 93 1577 775 465 1509 807 217 558 849 428 798 668 433 284 348 605 101 629 1296 1874 178 159 958 210 637 566 1532 731 767 1926 768 478 603 638 1231 888 511 1508 217 819 1825 369 22 882 1728 201 797 558 1189 1629 1651 619 23 565 891 664 364 1391 96 600 316 200 400 575 574 553 1893 765 595 373 381 347 694 4 1365 369 1854 14 893 795 49 521 918 1889 301 1313 483 1335 767 392 666 783 770 918 1437 304 1754 1427 686 1898 591 560 668 537 345 718 286 1182 114 631 239 428 615 560 872 741 538 471 374 1783 1321 504 58 524 1162 1432 49 1515 798 537 450 1903 276 948 370 263 907 973 972 261 1066 1544 439 158 1794 178 274 427 221 1861 997 52 892 948 854 60 1922 714 90 1905 768 95 780 705 1205 633 318 997 14 463 861 386 35 567 764 1674 319 1496 537 1833 498 1637 512 1562 163 426 95 639 361 1235 850 270 1280 1305 669 450 993 1963 385 1050 645 285 989 95 424 391 452 275 1449 237 226 1746 214 117 292 1388 1558 35 817 222 367 137 345 821 320 1430 274 1682 1212 1254 487 376 731 95 1284 151 313 748 1342 819 513 1407 400 1311 744 1286 1687 392 1007 504 635 756 963 114 1758 376 740 1623 385 879 1877 492 729 1479 70 1026 1133 62 470 346 718 991 413 276 782 304 197 795 413 178 422 577 633 883 627 229 70 216 199 776 674 749 663 857 849 668 467 725 117 735 889 281 176 57 176 904 519 113 130 338 756 45 124 652 665 688 662 25 218 70 645 441 455 826 346 96 617 357 480 538 386 998 383 284 170 610 351 80 889 674 462 262 748 437 128 441 776 63 751 215 669 664 763 718 705 157 498 707 289 110 110 608 932 962 554 459 579 555 234 441 127 904 419 60 935 125 519 96 701 817 691 765 99 270 462 987 738 888 769 998 490 575 945 303 95 890 474 318 738 277 120 95 78 337 629 424 394 917 567 275 23 364 586 125 412 850 6 439 239 970 897 242 555 465 400 60 939 119 370 951 60 59 815 662 605 282 740 392 151 130 566 396 621 637 151 333 575 848 329 220 388 554 494 624 512 451 560 441 409 262 624 633 861 278 947 67 316 313 485 67 369 875 975 962 645 59 903 891 524 29 127 465 350 430 624 117 776 99 962 749 631 433 817 338 4 255 698 740 755 707 773 885 232 158 263 22 357 536 154 312 341 442 95 904 124 915 945 86 707 89 696 890
